0.0000
0.0667
0.5032
0.9067
1.0000
0.0146
1.0000
1.0000
0.4274
1.0000
0.6525
0.4408
0.7716
0.0000
0.3247
0.0000
0.9161
0.5289
0.9966
1.0000
0.9141
0.7556
1.0000
0.9862
0.0334
1.0000
0.8761
0.0000
1.0000
0.0000
0.7042
0.9942
0.6934
0.2904
1.0000
0.9860
0.9081
0.5164
0.3110
1.0000
0.7969
0.0115
0.5246
0.0001
1.0000
0.7295
0.0058
0.0000
0.0000
0.7012
0.0000
0.7957
1.0000
0.7554
0.6875
1.0000
1.0000
0.7983
1.0000
1.0000
0.7713
1.0000
0.9250
0.9659
0.9635
0.0000
0.7724
0.6171
0.5540
0.0000
0.8135
1.0000
0.0002
0.4742
0.1352
0.0986
1.0000
0.0000
0.2816
0.7722
0.9113
0.0573
0.9838
1.0000
1.0000
0.1030
0.9952
0.7076
0.9841
0.8037
0.1172
0.1103
1.0000
0.4825
0.7487
0.5825
0.8692
1.0000
1.0000
0.0950
0.0975
0.7837
0.7610
1.0000
0.4244
0.1949
0.1409
0.7832
0.1528
0.2416
0.1137
0.0000
0.1450
0.6463
0.6683
0.4032
0.3357
1.0000
1.0000
0.2641
0.7611
0.9773
0.7649
0.9131
1.0000
0.9648
0.0000
1.0000
0.5047
0.6160
0.5243
1.0000
0.0550
0.9999
0.4657
0.7877
0.4311
0.7894
0.1774
1.0000
1.0000
0.0000
0.0004
0.0923
0.9628
0.0179
1.0000
1.0000
0.1287
1.0000
0.1346
0.9311
0.3590
0.0000
0.9066
1.0000
0.9987
0.0000
0.2834
1.0000
0.0001
0.1730
0.9913
1.0000
0.7699
1.0000
0.0576
0.2585
0.9376
0.3964
0.0001
0.7180
1.0000
0.3565
0.0452
1.0000
0.8718
0.1258
0.0000
0.6578
0.0000
0.0000
0.0965
0.7719
0.0002
1.0000
0.9285
0.0001
0.0599
0.8056
0.3708
0.8291
1.0000
0.8573
0.8137
0.7876
0.8995
0.4678
0.0000
0.9629
0.0002
0.7030
0.2711
0.7509
0.8113
0.0009
0.0000
0.4362
1.0000
0.0508
0.0002
0.9798
0.1717
0.7480
1.0000
0.9998
1.0000
0.8242
1.0000
0.6012
0.8739
0.8267
0.6555
0.1273
0.4039
0.1296
1.0000
0.9667
0.8558
1.0000
0.0000
0.0000
0.0000
0.6130
0.4310
0.8616
0.7820
0.9938
0.0003
0.7006
0.6601
0.8748
1.0000
0.9090
0.5287
0.0318
0.9138
0.9651
0.4160
0.1002
0.0333
0.9141
1.0000
0.3080
0.1517
0.9513
1.0000
0.8340
0.3535
0.3062
0.0000
0.7210
0.1351
1.0000
0.7521
0.6611
0.7587
0.7696
0.2951
0.0000
0.9886
0.0000
0.0327
0.0338
0.0001
0.0163
0.0000
1.0000
1.0000
0.0372
0.9351
0.0000
0.5471
0.1444
0.0333
0.7353
0.8677
0.7338
0.5334
0.1582
1.0000
0.9669
0.7225
0.9689
0.7346
1.0000
0.2153
0.9232
0.7819
0.7222
1.0000
0.0166
0.8335
1.0000
0.5547
0.0000
1.0000
0.3355
0.0939
0.6213
0.7019
1.0000
0.0261
0.6913
0.0008
0.9301
1.0000
0.7262
1.0000
0.0000
0.0000
0.9354
0.2394
0.0000
0.1472
0.8118
0.7581
1.0000
0.7128
0.9880
0.0000
0.7391
0.9868
0.7489
0.1882
0.0016
0.0664
1.0000
1.0000
0.0015
0.6877
1.0000
0.0605
0.9662
0.6607
0.0000
1.0000
0.9540
0.7186
0.0000
1.0000
0.7413
0.1470
1.0000
0.4157
0.8618
1.0000
0.7551
0.7178
0.0062
0.0884
1.0000
0.8019
0.9434
0.9354
0.9497
0.9095
0.4370
0.0000
0.8571
0.9293
1.0000
0.0773
0.7030
0.6937
1.0000
0.8115
1.0000
1.0000
0.6289
0.0623
0.0806
0.5201
0.7146
0.4826
1.0000
0.8618
0.8738
0.2579
0.0208
1.0000
0.0000
0.5283
0.6651
1.0000
0.0220
0.1288
0.9963
0.4660
0.9366
0.9797
0.9257
0.7671
0.0000
0.5204
1.0000
0.8864
0.4130
0.9614
0.7704
0.9987
0.6523
0.6808
0.7878
0.9266
0.0000
1.0000
0.0000
0.9996
0.5328
0.9895
0.7889
0.9549
0.0152
0.8960
0.3174
0.9622
0.8470
1.0000
0.0635
0.9340
0.9486
0.9585
1.0000
1.0000
1.0000
0.7543
0.9353
0.8934
1.0000
0.5107
1.0000
0.0758
0.4445
0.9808
0.9750
0.3095
0.7388
1.0000
1.0000
0.6094
0.9946
0.0000
0.7130
0.1312
0.0000
0.9999
0.0000
0.9841
1.0000
0.8338
1.0000
0.1929
0.9539
0.0000
0.0000
1.0000
1.0000
0.7536
0.4132
0.9996
0.9999
1.0000
0.3419
0.0000
0.8363
0.9445
0.3554
0.0000
0.0275
0.6641
0.6090
0.6196
0.9132
0.0000
1.0000
1.0000
0.9975
0.5290
1.0000
0.1097
0.4165
0.8750
1.0000
0.1771
1.0000
0.7735
0.5468
0.9444
0.6576
0.9085
0.0004
0.5220
0.8481
0.4933
0.1279
0.6713
1.0000
0.5662
0.8196
0.2310
0.6600
0.0017
0.0148
0.6271
0.5074
0.1400
0.9628
0.7835
0.0000
0.9519
0.4525
0.8997
0.0525
0.7367
0.9665
0.9948
0.9924
0.9347
0.2280
0.8719
0.9809
0.9151
0.0000
1.0000
0.6170
0.9116
0.9489
0.5443
0.7416
1.0000
0.7272
0.6475
0.0016
0.6182
1.0000
0.0557
0.9374
1.0000
0.2830
1.0000
0.0000
0.1352
0.7499
0.8956
0.7678
0.3919
0.0030
0.3227
0.2816
1.0000
0.1415
0.0005
0.0901
0.5118
0.9122
0.5950
0.9034
0.0000
0.0681
0.0000
1.0000
1.0000
0.8121
0.7101
1.0000
0.1283
0.0469
0.9189
0.4608
0.9602
1.0000
0.4888
0.7647
1.0000
0.1441
0.3636
0.4329
0.7921
0.8401
0.8841
1.0000
1.0000
0.0000
0.3311
0.6624
0.8375
1.0000
0.7036
0.4651
0.1702
0.9689
0.3474
0.0928
0.0000
0.0000
0.0050
0.9334
1.0000
1.0000
0.1454
0.9999
0.3145
1.0000
0.7575
0.0000
0.0587
0.0000
0.0351
0.1805
0.2469
1.0000
0.3151
1.0000
0.8637
0.0000
0.0000
0.0452
0.7917
0.3343
0.6785
0.0000
0.0005
0.1671
0.9667
0.3426
0.0000
0.7351
0.0402
0.6227
1.0000
1.0000
0.3021
0.8801
0.0011
0.9999
1.0000
0.1587
0.9446
0.9368
0.9876
0.0941
0.8768
0.0000
0.4129
1.0000
1.0000
0.5020
0.7707
0.0000
0.3765
1.0000
0.9969
0.9999
0.7455
0.0000
0.0419
0.7241
0.0130
0.9371
0.5291
0.8164
0.5907
0.2532
1.0000
0.9998
1.0000
0.8890
0.0000
0.7623
0.9379
0.0001
0.1908
0.2611
0.3575
0.0001
1.0000
0.0000
0.0047
0.7543
0.0025
0.8192
0.8399
1.0000
0.0000
1.0000
0.0000
1.0000
1.0000
0.9560
0.7654
0.9477
0.0124
0.7711
1.0000
0.0424
0.0000
0.5223
0.2379
0.3741
0.0188
0.7540
0.0000
0.4370
0.8916
1.0000
0.0334
1.0000
0.0000
0.0000
0.0000
0.3873
0.9274
0.6995
0.2070
0.7496
0.9233
0.9582
0.0000
0.5686
1.0000
0.0301
1.0000
0.9998
0.4541
0.0633
0.1652
0.0377
1.0000
0.2529
0.4885
1.0000
0.0619
1.0000
0.9999
1.0000
0.9999
0.0310
0.0000
0.7021
0.9707
0.0000
0.6321
1.0000
1.0000
0.5366
0.2015
1.0000
0.9685
1.0000
0.9144
0.0785
0.5428
0.1373
0.0584
0.2132
0.7735
0.5272
1.0000
1.0000
0.7634
0.6155
0.8931
1.0000
0.7288
0.8843
0.6455
0.0000
0.9477
0.0001
0.8768
1.0000
0.6112
0.9330
0.9976
0.2206
0.9028
0.0872
1.0000
1.0000
1.0000
0.2468
0.0330
0.7692
1.0000
0.9245
0.2910
0.4280
0.8259
1.0000
0.7253
0.9998
0.3546
1.0000
0.9998
0.1880
0.8159
0.5631
0.9398
0.0685
0.4886
0.4240
0.7810
1.0000
0.0130
0.9120
0.6284
0.5803
0.0000
1.0000
0.0000
1.0000
0.0001
0.7873
0.4684
0.4689
1.0000
0.1896
0.5312
1.0000
1.0000
1.0000
0.6185
0.6750
0.9283
0.7072
1.0000
0.9650
1.0000
0.9191
0.0375
0.7892
0.8423
0.1953
0.9993
0.0000
0.0000
1.0000
0.3137
0.0368
0.1575
0.0000
0.5079
0.0000
0.9722
0.8267
1.0000
0.3795
1.0000
0.8125
0.6177
1.0000
0.2452
0.9426
0.4156
0.9764
0.3424
0.9470
0.8710
0.7084
0.9641
1.0000
0.8262
0.3828
0.2290
1.0000
0.8048
0.4286
0.0108
0.6229
0.0351
0.7233
0.3856
0.0446
0.0000
0.6687
0.5422
0.0634
1.0000
0.5981
0.0264
0.9666
1.0000
1.0000
0.5983
1.0000
0.9731
0.9796
0.1223
0.6621
0.8244
0.8968
0.9960
0.9360
0.5866
0.7865
0.5106
0.0000
0.6904
0.9680
0.9536
0.7542
0.9808
0.9881
0.6400
0.7553
0.1026
1.0000
0.6092
1.0000
0.4931
0.9576
0.4823
0.6961
0.7235
0.0000
0.0000
0.1712
0.0000
0.3426
0.6745
0.8029
0.0352
0.0000
0.0008
1.0000
0.0000
1.0000
1.0000
0.7657
1.0000
0.5610
1.0000
1.0000
0.9082
0.9997
0.0000
0.7854
0.9777
0.0976
0.0007
0.4061
0.8042
0.7076
0.0000
0.9950
0.8610
0.4314
1.0000
1.0000
0.9676
0.4636
0.2455
0.0336
0.8749
0.0433
0.8897
0.9999
0.4726
0.5906
0.4715
0.0673
1.0000
0.9999
0.0323
0.2411
0.8424
0.8547
0.4841
0.0000
1.0000
1.0000
1.0000
0.0000
0.0000
0.6902
1.0000
0.8163
0.3988
0.7793
0.1775
1.0000
0.5628
0.0809
1.0000
0.2973
1.0000
0.5278
1.0000
0.9986
1.0000
0.4785
0.6493
0.1894
0.9177
0.7031
0.0000
0.7717
1.0000
1.0000
0.0000
0.8117
0.0402
0.7849
0.5002
0.5121
0.9994
0.9944
0.4658
0.7092
0.1448
0.4039
0.1237
0.0000
1.0000
1.0000
0.0688
0.6173
0.4957
0.0001
0.0567
0.8844
0.0000
0.0921
1.0000
0.9957
0.8272
0.2306
0.0000
1.0000
0.7250
1.0000
0.8440
1.0000
1.0000
0.6211
1.0000
0.0043
0.0000
0.8778
0.9617
0.3580
1.0000
0.8051
0.8302
0.3018
0.8368
1.0000
0.9159
0.8091
1.0000
0.9910
0.4353
0.7347
0.9519
0.1424
0.1828
0.7387
1.0000
0.4656
0.0426
0.9995
0.8354
0.7428
0.2280
1.0000
0.0000
0.3060
0.7168
0.9998
1.0000
0.0000
1.0000
1.0000
0.7877
0.3368
0.9649
0.4830
0.9963
1.0000
0.9198
0.0000
0.0000
0.8412
1.0000
0.6911
0.8133
0.0000
0.3388
0.6981
0.4852
0.1296
0.0401
0.0698
0.9399
0.9491
0.5306
0.5974
0.0000
0.0901
1.0000
0.0534
0.6803
0.0000
0.4879
0.9992
0.8875
0.9945
0.7454
0.7621
0.1115
0.5002
0.2458
0.0281
0.0808
0.8988
0.9985
0.0000
1.0000
0.0000
1.0000
1.0000
0.1365
0.9667
0.8716
0.2535
0.8939
0.9042
0.0000
0.9375
0.2493
1.0000
1.0000
0.0001
0.9503
0.0254
1.0000
0.9934
0.7687
0.8375
0.0000
1.0000
0.1829
0.0000
0.1234
0.6969
0.1602
0.0000
0.8406
0.0000
0.1071
1.0000
1.0000
0.9341
0.9999
0.9518
0.2045
0.0000
0.0000
0.2173
0.0000
0.0000
0.5616
0.0000
0.8478
0.9999
0.0000
0.9948
0.0000
0.9428
1.0000
0.8123
1.0000
0.5771
1.0000
0.5472
0.8163
1.0000
0.5889
1.0000
0.0001
1.0000
0.1537
0.8311
1.0000
0.9916
0.9999
0.9476
1.0000
0.4124
0.3977
1.0000
1.0000
0.7991
1.0000
0.0000
1.0000
0.5034
0.1124
0.0000
0.2131
0.3952
0.0000
0.5325
0.7689
0.0207
0.8872
1.0000
0.1664
0.8289
0.9509
1.0000
0.0671
0.0000
0.6858
0.1302
0.7542
0.5574
0.0000
1.0000
1.0000
0.8963
0.9998
0.2196
0.0000
0.9795
0.7528
0.0000
0.7747
0.9667
1.0000
0.2042
0.6837
0.9344
0.9987
0.0001
0.0000
1.0000
1.0000
0.4180
0.8006
1.0000
1.0000
0.6209
1.0000
0.4202
0.0031
0.6899
0.0032
1.0000
0.9569
0.4250
0.3999
0.9990
0.9405
0.7850
0.9992
0.3086
0.6790
0.9998
0.0010
0.9525
0.4377
0.8349
0.8861
0.1553
0.2615
1.0000
0.5814
0.6361
0.7456
0.8896
1.0000
0.7395
0.1390
0.4881
0.9054
0.0000
0.7770
0.4615
1.0000
0.4564
0.4105
0.9072
0.8737
0.1113
0.9630
0.7670
0.4222
0.0000
0.5268
0.6988
0.5158
0.2104
1.0000
0.1435
0.9145
0.0825
0.9676
0.5466
0.4302
0.5304
0.9996
0.5307
1.0000
0.8159
0.7654
0.0381
1.0000
0.4654
0.7383
0.0769
1.0000
1.0000
0.0336
1.0000
1.0000
0.9357
0.7246
0.3848
0.8177
1.0000
0.7653
1.0000
0.0000
0.6905
0.0402
1.0000
0.9870
0.7525
0.8869
0.0428
0.0330
0.7232
0.8989
0.5148
0.3747
0.0118
0.9998
0.3121
1.0000
0.1679
0.7539
0.6549
0.9291
0.7139
0.9618
0.0655
0.8427
0.8906
0.9999
0.5059
1.0000
1.0000
1.0000
0.1890
0.4525
0.8293
0.8022
1.0000
1.0000
0.4540
0.9145
0.7537
0.6854
1.0000
1.0000
0.4326
0.7606
0.4264
0.1417
0.3304
0.0000
0.0045
0.1252
1.0000
0.0001
0.9141
0.3866
1.0000
0.8644
0.8678
0.1204
1.0000
0.1316
0.3903
0.3330
1.0000
0.9581
1.0000
0.3295
1.0000
0.0000
1.0000
0.9996
0.0024
0.5029
1.0000
0.7751
1.0000
1.0000
0.0282
0.2562
0.0005
0.7716
0.1850
0.6695
1.0000
0.8026
0.0000
0.9999
0.7351
0.6216
0.7427
1.0000
1.0000
0.4813
0.7684
0.6598
0.0000
1.0000
1.0000
0.0000
0.8848
0.1847
0.7430
0.3295
0.8783
0.5748
0.6210
0.9969
0.7358
0.7370
0.0016
1.0000
1.0000
0.7236
0.9688
0.5250
0.9999
0.0000
0.5918
0.7400
0.9999
1.0000
0.9447
0.0031
1.0000
1.0000
0.9312
0.0002
0.8899
1.0000
0.2600
1.0000
0.8734
0.7036
0.7570
0.6618
0.8058
0.5475
1.0000
1.0000
0.6713
0.1567
1.0000
0.0000
0.7776
0.7199
0.7486
0.0005
0.7209
0.4789
1.0000
0.0376
0.0912
1.0000
0.0000
1.0000
1.0000
1.0000
0.7502
0.2734
0.7257
0.0966
0.2111
0.7761
0.7600
0.8455
0.9999
0.0004
0.8785
0.4309
0.0714
0.9471
0.9356
0.8800
0.7570
0.6551
0.9311
1.0000
0.2733
0.0000
0.0000
0.0001
1.0000
1.0000
0.9991
0.9767
0.1254
0.8938
0.8218
0.0310
0.0622
0.1801
0.9996
1.0000
0.9052
0.0000
0.3036
0.9129
0.7945
0.6917
0.8957
1.0000
0.3951
0.9667
0.4829
0.0699
0.9054
0.2919
0.7426
0.9662
0.9468
1.0000
0.7132
0.1053
0.7457
1.0000
0.9591
0.1330
0.1825
0.7365
0.8607
0.8815
0.1747
0.1593
0.3161
0.7267
1.0000
0.9975
0.9686
0.9990
0.5376
1.0000
0.2735
0.8407
0.0000
0.8114
0.9430
0.0737
0.8067
0.0879
0.6098
0.2052
0.4868
0.9422
0.6647
0.9178
0.9995
0.5421
0.0000
1.0000
0.7453
0.3787
0.0000
0.1313
0.0000
0.9996
0.7731
1.0000
1.0000
0.9656
0.9604
0.0044
1.0000
0.7046
0.5192
0.0338
0.4781
1.0000
0.0000
0.0000
0.0000
0.0000
0.9088
0.4587
0.0001
0.0138
0.6156
0.9777
0.0920
1.0000
0.8849
0.0378
0.3860
0.9007
0.8700
0.9000
0.2459
1.0000
0.6832
1.0000
1.0000
1.0000
0.9999
0.7582
1.0000
0.8144
0.8626
1.0000
0.5518
0.8277
1.0000
0.3041
0.6617
0.0000
1.0000
0.9459
0.5534
1.0000
0.5535
0.6284
0.6656
0.3446
0.6471
0.5867
0.4454
0.0000
1.0000
1.0000
0.0339
0.0065
1.0000
0.8682
0.8030
0.0427
0.3557
0.7173
0.8573
0.0000
0.9986
0.9574
0.8193
1.0000
0.4935
0.1861
0.8804
0.0116
1.0000
0.6522
0.0897
0.0000
0.0616
0.1719
0.1073
0.0000
0.9202
0.8931
0.0010
0.9987
0.7048
0.9031
1.0000
0.9132
0.5825
0.0033
0.9691
0.0187
0.0002
0.4877
0.8732
1.0000
0.9172
0.9209
0.0043
0.5825
1.0000
1.0000
1.0000
0.7987
0.0000
0.8198
0.5750
0.7179
0.1859
0.9635
0.8568
1.0000
0.0001
0.9392
0.9996
1.0000
0.9246
0.0000
1.0000
0.0000
0.8480
1.0000
0.7801
0.0000
0.0000
0.0320
0.9009
0.9008
1.0000
1.0000
0.5705
0.8369
1.0000
0.1734
1.0000
0.0000
0.6783
1.0000
0.7051
0.0958
0.7178
1.0000
1.0000
0.4627
1.0000
0.1169
0.9765
1.0000
0.0335
0.7937
0.4831
0.1575
0.0572
0.9268
0.2306
0.9999
0.0000
0.7491
0.9725
0.3815
0.0003
0.7059
0.9497
1.0000
0.0000
0.0000
0.3793
0.9993
0.9880
0.0013
0.0007
0.0000
0.9675
1.0000
0.3479
0.2837
0.8996
0.9828
0.1512
0.3594
0.9997
0.9598
0.8304
0.4420
1.0000
0.6787
0.0000
0.9501
0.3328
0.3033
0.6175
0.4540
0.9786
0.0315
1.0000
0.1967
1.0000
0.9398
0.5744
0.7997
0.8281
0.0846
0.6851
0.6838
0.0055
0.0501
0.0668
0.5658
1.0000
1.0000
1.0000
0.3650
0.3167
0.2476
0.5836
0.8315
0.0001
0.6955
0.8490
0.9345
0.8663
0.4543
0.8911
0.0000
0.3421
0.3722
0.0000
0.8286
0.0000
1.0000
0.8477
0.7720
0.7656
0.0002
0.5162
1.0000
0.0335
0.7519
0.7794
0.0000
0.9997
0.5945
0.5636
0.0000
0.8665
0.0363
0.8413
1.0000
0.4872
0.7309
1.0000
0.9389
0.9828
0.0194
0.9981
0.7845
0.0000
0.6011
1.0000
1.0000
0.0003
0.0333
1.0000
0.5599
0.1535
0.9343
0.9999
1.0000
0.3322
0.0000
0.7437
0.6664
0.8659
0.3738
1.0000
1.0000
0.7356
0.7284
0.8978
0.0000
0.7470
0.2681
0.0001
0.8602
0.9941
0.9280
0.0839
0.8125
0.7904
0.7350
1.0000
1.0000
0.2323
0.9250
0.6508
0.5421
0.1814
0.7112
0.0000
0.3249
0.9980
0.8564
1.0000
1.0000
0.5152
1.0000
1.0000
0.6387
0.8660
0.8721
0.0161
0.9999
0.8229
0.0658
0.6929
1.0000
0.4079
0.0005
0.1437
0.7118
0.6089
0.9985
0.0000
0.8051
0.0518
1.0000
0.3417
0.0001
1.0000
0.6956
0.7811
0.3705
0.4587
1.0000
0.5475
0.9126
0.0057
1.0000
0.9564
0.9960
0.9400
1.0000
1.0000
0.7272
0.0674
0.8590
1.0000
0.9836
0.5913
0.7465
0.0000
0.4319
0.0330
0.9150
1.0000
0.6308
0.0000
0.7607
0.0000
1.0000
0.0000
0.9563
0.6722
0.9390
0.9984
0.8994
0.6089
0.7824
0.7531
1.0000
1.0000
0.9713
0.9241
0.9999
0.0000
0.9616
1.0000
0.1056
0.0000
0.5989
0.0000
1.0000
0.2342
1.0000
1.0000
1.0000
1.0000
1.0000
0.9987
1.0000
0.9158
0.9753
0.2168
0.9909
0.0308
0.0000
0.3143
0.0000
0.8198
1.0000
1.0000
0.7792
1.0000
0.1967
1.0000
0.0684
0.3194
0.9649
0.7125
0.6636
0.4846
0.7211
0.8539
1.0000
0.5500
1.0000
0.0000
0.8141
0.8332
0.9740
0.6631
1.0000
0.6978
0.9618
0.0000
0.4759
1.0000
0.8635
0.7576
0.6316
0.5961
0.2498
0.0000
0.9654
0.7712
0.9393
0.5752
0.7168
0.9240
0.6601
1.0000
1.0000
1.0000
0.0000
1.0000
0.7647
0.3540
0.7459
0.6621
1.0000
0.0180
0.9999
0.5373
0.7535
0.9998
0.7967
0.6448
0.0000
0.4729
1.0000
0.6284
0.0000
0.6986
1.0000
0.6001
1.0000
1.0000
0.4865
0.9999
0.1065
1.0000
0.9992
0.0000
0.9434
0.5867
1.0000
0.0000
0.9948
0.9804
0.3665
0.4311
1.0000
0.0357
1.0000
1.0000
0.7521
0.0839
1.0000
0.5984
0.0000
0.1827
1.0000
0.1127
0.0000
0.9162
0.6874
0.8220
0.0265
0.8961
1.0000
0.9079
0.8460
1.0000
0.6228
0.0002
0.1789
0.0035
0.3126
1.0000
1.0000
0.7368
0.0186
0.7252
0.3280
0.7335
0.9983
0.7769
0.6630
0.2518
0.0302
0.8203
0.3780
0.9675
0.1556
0.0000
0.6869
0.9453
1.0000
0.4446
0.3965
0.0029
0.4445
0.4204
0.7260
1.0000
0.9999
0.0007
0.0900
0.2173
0.7425
1.0000
0.9988
1.0000
0.4892
0.5432
1.0000
0.9968
0.0329
0.0713
0.7376
0.6273
0.9991
0.8450
0.9217
0.6549
0.2104
1.0000
0.2711
0.9104
0.9359
0.2882
0.0000
0.8601
0.1521
0.8231
0.0000
0.8861
1.0000
0.9983
0.5880
1.0000
1.0000
0.4537
0.7313
1.0000
0.1165
0.8224
0.8255
0.5187
1.0000
0.9183
1.0000
0.7843
0.7151
0.9967
0.7542
0.8155
0.5398
0.6245
0.1689
0.9618
0.0000
0.0000
1.0000
0.0000
0.7230
0.3275
0.1450
0.7951
1.0000
0.0000
0.3471
1.0000
0.0385
0.9185
1.0000
0.0693
0.8367
0.8543
1.0000
0.0000
1.0000
0.0000
0.9302
0.1091
1.0000
0.0001
0.9994
0.6622
0.9577
0.0001
1.0000
0.2324
0.5843
0.1771
0.0601
0.8542
1.0000
0.6180
0.3881
1.0000
0.7784
1.0000
0.7557
0.4212
0.7840
0.9999
0.3897
0.9806
0.8232
0.0326
0.5938
0.0785
0.6786
1.0000
0.7704
0.0157
0.7916
1.0000
0.8869
1.0000
0.4598
1.0000
0.7955
1.0000
1.0000
1.0000
0.0919
0.8540
0.6315
0.0008
0.6160
0.9402
0.8832
1.0000
0.3030
0.9299
0.7069
0.9431
0.7494
0.9998
0.0133
0.0000
0.0000
0.0111
0.3844
1.0000
0.0359
0.6463
1.0000
0.4312
0.6689
0.7019
0.3216
0.8315
0.0025
0.0000
0.9070
1.0000
0.4376
1.0000
0.4229
0.9541
0.9965
0.5311
1.0000
0.6906
0.2261
0.5289
1.0000
0.8314
0.0002
0.0482
0.5259
0.7055
0.8933
0.0000
0.5581
0.8253
0.9319
0.0000
1.0000
0.9628
0.5415
0.9376
0.9054
0.1951
1.0000
0.9039
0.1733
0.9955
1.0000
0.9933
0.9862
0.0005
0.1704
1.0000
0.0000
1.0000
0.7813
0.0615
0.0330
0.0005
0.9604
0.8476
0.9979
0.8517
0.4422
0.5281
0.8874
0.3223
1.0000
0.9999
0.9951
1.0000
0.0834
0.4175
0.9998
0.8960
1.0000
0.7890
0.0028
0.0351
0.9508
1.0000
0.8222
0.7182
0.6677
0.0000
0.9999
1.0000
0.8381
1.0000
0.9988
0.9708
0.0000
0.0792
0.1181
1.0000
0.2994
0.5207
0.4524
1.0000
1.0000
0.1757
0.4685
0.6770
0.0000
0.0330
0.0000
0.1832
0.8904
1.0000
0.8954
0.9712
1.0000
0.2661
0.9532
0.1866
0.9998
0.7051
0.6740
1.0000
0.0154
0.3928
0.5278
1.0000
0.8070
1.0000
0.0400
0.4278
0.7568
0.9981
1.0000
0.2158
0.7278
1.0000
0.2820
0.2683
0.0000
0.0349
1.0000
0.8905
1.0000
0.0000
0.0022
0.0106
1.0000
0.2985
0.6085
0.9956
0.0000
0.0000
0.0000
0.7916
1.0000
0.7044
0.8265
0.9661
0.1822
0.4582
0.5824
0.7867
0.0000
0.9999
0.9992
1.0000
1.0000
0.0000
0.3169
0.7968
0.7363
0.4536
0.0247
0.9785
1.0000
0.0652
0.8990
0.0002
0.7493
0.6427
0.2526
0.0000
0.0000
0.6039
0.9414
1.0000
1.0000
0.7096
0.3970
0.9822
1.0000
0.0023
1.0000
0.2287
0.9318
0.0006
0.9670
1.0000
1.0000
0.7324
0.0000
0.9998
0.7123
1.0000
0.9738
0.9512
1.0000
0.0994
0.9559
0.9982
0.0109
1.0000
1.0000
0.1718
0.2358
1.0000
0.9344
0.8375
0.0000
0.9558
0.6670
1.0000
0.7530
0.5326
0.0000
1.0000
0.0401
1.0000
1.0000
0.0123
1.0000
0.9990
1.0000
0.2732
1.0000
0.6573
0.0000
1.0000
0.0015
0.0017
0.7537
0.0380
0.7652
0.5346
0.8852
0.9651
0.8971
1.0000
0.0784
0.0000
0.0000
0.1297
0.6109
0.9995
0.0245
0.1275
0.9981
1.0000
0.7925
0.0064
1.0000
0.9628
0.9916
0.0728
1.0000
0.0234
0.6740
0.1652
0.8271
0.3438
0.4350
0.3763
0.0000
0.9558
0.4041
1.0000
0.6849
1.0000
0.7053
1.0000
0.0000
0.9994
0.6673
0.1622
0.6218
0.0000
0.0351
0.6237
0.8465
0.8681
0.3476
0.0214
0.0589
0.3029
0.5123
0.0000
0.9998
0.0000
0.1656
0.9992
0.2364
0.0000
0.6156
0.0000
0.4741
0.1364
0.9982
0.0117
0.5503
1.0000
0.0000
0.9427
0.8858
0.0017
0.5704
0.0275
1.0000
0.3527
0.7721
0.6321
0.7274
0.9975
0.9444
1.0000
0.1359
0.9978
0.0000
0.8233
0.0000
0.9971
0.8600
0.6337
0.7039
1.0000
0.8949
0.4567
0.0062
0.0823
0.6664
0.8412
0.8811
1.0000
1.0000
0.5418
0.8148
0.9633
0.7925
0.9997
0.0000
0.9168
0.6714
0.9144
0.5552
0.6180
1.0000
0.9232
1.0000
0.7733
0.2192
0.0000
0.3678
1.0000
0.2910
1.0000
0.9956
0.0009
0.0000
0.0300
0.6953
0.8500
1.0000
0.2666
0.0003
0.8014
0.0696
1.0000
0.1160
0.5336
0.0044
0.0000
0.5635
0.0253
0.2337
1.0000
0.2130
0.0000
0.0001
0.9812
1.0000
0.9589
0.3869
0.0901
0.5748
0.5983
0.5995
0.9971
0.9958
0.9473
0.9134
1.0000
0.6138
1.0000
0.0876
0.8144
1.0000
0.6876
0.3221
1.0000
0.9992
0.2606
0.0487
0.9420
0.0147
0.9975
0.9975
0.2346
0.6434
0.3644
0.0698
0.7473
0.1839
0.0641
0.2978
0.8540
0.0000
0.7968
1.0000
1.0000
0.2115
0.0000
0.0000
0.5158
1.0000
0.8283
0.8939
0.2943
0.6154
0.7159
0.9059
0.9410
1.0000
0.0005
0.9121
1.0000
1.0000
0.9915
0.7833
0.5333
0.3434
0.1509
0.9474
0.7434
0.5163
1.0000
1.0000
1.0000
0.0458
0.0008
0.7537
1.0000
1.0000
0.4189
0.0901
0.9276
0.7277
0.2598
1.0000
0.0247
0.0000
0.8879
0.1080
0.6244
1.0000
0.1744
0.7839
0.9996
1.0000
0.8853
0.7093
0.9306
0.9436
0.6270
0.6205
1.0000
0.8007
0.3403
0.8040
1.0000
0.9091
1.0000
0.5199
0.5917
0.8229
0.5289
0.0000
0.0000
0.8322
0.7693
0.9988
0.6568
0.2120
0.9110
0.1813
0.0000
0.7532
0.5600
0.5795
0.7841
0.6940
1.0000
0.5045
1.0000
0.0009
0.9670
0.5179
0.8458
0.0023
1.0000
1.0000
0.1731
0.0552
1.0000
0.0255
1.0000
1.0000
0.0313
0.6071
0.9038
1.0000
0.6760
0.0000
0.0777
1.0000
0.0894
0.8401
0.9257
0.6047
1.0000
0.9730
0.0000
0.7621
0.0006
0.6145
0.3979
0.9888
0.9997
0.3797
0.2261
0.8208
0.9815
0.8336
0.1997
0.6091
1.0000
0.0000
0.0000
0.9996
0.5887
0.2696
0.0001
1.0000
0.8884
0.5496
0.9701
0.0000
0.5147
0.5196
0.8880
0.1721
0.7223
0.7039
0.7405
0.9526
0.7937
0.8996
0.0000
0.9979
0.7624
0.1918
0.3078
1.0000
0.8807
0.1646
0.0001
0.0753
1.0000
0.7052
0.0000
0.8245
0.7465
0.7953
0.1174
0.8938
0.9636
0.0318
0.5245
0.2068
0.0000
0.0036
0.9319
0.3267
1.0000
0.3524
1.0000
0.7659
1.0000
0.6359
0.8113
1.0000
0.6622
0.3697
0.4765
0.9538
0.9989
0.0652
0.7926
0.6214
0.6086
0.6865
0.9283
0.8975
0.9469
1.0000
0.7712
0.7373
1.0000
1.0000
0.6079
0.1183
0.3083
1.0000
0.6288
0.6212
0.8517
0.8455
0.0000
0.0324
0.0000
0.8809
1.0000
0.0000
0.0563
0.8465
0.6682
0.1115
0.8010
0.1636
0.2759
0.0813
0.3582
0.5923
0.3396
0.8148
1.0000
0.0000
0.8564
0.8595
0.5283
0.0000
1.0000
0.5243
0.1420
0.8250
0.2946
0.8581
0.0074
0.5887
0.9947
0.5704
0.9161
0.0695
0.5351
0.6674
0.0762
0.0607
1.0000
0.9995
1.0000
0.5406
0.8967
0.3811
0.5108
0.4560
0.5726
0.6751
0.9264
0.3721
0.0000
0.4222
0.4551
0.5565
0.7739
0.0000
0.9979
0.1671
0.9522
1.0000
0.5393
0.7749
1.0000
0.9417
1.0000
1.0000
1.0000
0.0639
0.9369
0.0000
0.1652
1.0000
1.0000
0.4211
0.1350
0.7894
0.9501
0.0977
0.9042
1.0000
0.2721
0.6834
0.7163
0.9478
1.0000
0.9933
1.0000
0.7100
0.2722
0.5071
0.3813
0.7125
0.1157
0.0154
1.0000
0.4541
0.2571
0.9960
0.0755
0.9468
0.9824
0.0294
0.0005
0.4658
0.4845
0.4292
0.8668
0.7639
0.9941
0.8560
1.0000
1.0000
0.0474
0.4465
0.5705
0.0641
1.0000
0.9992
0.8210
0.1836
0.0000
0.7813
1.0000
0.9861
0.2532
0.1742
0.0588
0.8067
1.0000
1.0000
0.7576
1.0000
0.6864
0.6236
0.9685
0.9204
0.9263
0.0333
0.9692
0.0000
0.0478
0.7382
0.8948
0.2542
0.6219
0.4797
0.0989
0.8361
0.0319
0.0138
1.0000
0.0197
0.9247
1.0000
0.0000
0.8328
0.9996
0.8020
0.7097
0.6435
0.9450
0.5235
0.7170
0.5350
0.0793
0.9541
0.3471
0.7807
1.0000
0.4126
0.9048
0.3555
0.9587
0.0000
0.3181
0.6049
0.1524
1.0000
0.9897
1.0000
0.0000
0.7567
1.0000
0.8999
1.0000
0.3350
0.6652
0.9825
1.0000
0.7055
0.0400
1.0000
0.0000
0.3189
0.0926
0.0717
0.8882
1.0000
1.0000
0.3954
0.9997
0.0000
0.9020
1.0000
0.7985
1.0000
0.8765
0.0840
0.0000
0.1362
0.9909
0.0000
0.3748
1.0000
0.4126
0.0332
0.4495
0.6349
1.0000
0.9940
0.0000
0.3426
0.0667
1.0000
0.5350
0.3249
0.8202
1.0000
1.0000
1.0000
0.9999
0.5400
0.8008
1.0000
0.7471
0.1210
1.0000
0.9206
1.0000
0.3011
0.0000
0.9224
0.1325
0.2803
0.2476
0.6659
0.2117
0.9033
0.9996
0.0000
0.7274
0.6383
0.0000
0.0000
0.0467
0.5131
0.9756
1.0000
0.7658
1.0000
1.0000
0.9201
0.8429
0.0114
0.0031
0.9983
0.2477
0.2358
0.0000
0.8512
0.9913
0.2196
0.9144
0.9502
0.5169
1.0000
0.8843
1.0000
0.9948
1.0000
0.5427
0.9999
1.0000
0.7559
0.4480
1.0000
0.9999
0.0005
0.5171
0.0000
1.0000
0.0825
0.5877
0.0001
0.9989
0.8138
0.9992
0.0000
0.0000
1.0000
0.0000
0.2999
0.8167
0.3618
0.5871
1.0000
0.1808
0.9383
0.9480
0.0335
0.5463
1.0000
0.0000
1.0000
1.0000
0.1096
0.0000
0.7011
0.9851
0.0000
0.7906
0.9338
0.9661
0.8326
0.0703
0.9982
0.0262
1.0000
1.0000
1.0000
0.9906
0.6951
0.0155
0.2414
0.7541
1.0000
0.6179
0.1801
1.0000
0.1802
0.1366
0.0318
1.0000
0.8740
0.1274
0.1535
0.9653
0.9405
1.0000
0.3427
1.0000
0.1763
0.1109
0.8817
1.0000
0.4330
0.6346
0.8309
1.0000
0.7874
0.7542
1.0000
0.0000
0.8470
0.9610
0.9679
0.5117
0.7704
0.5389
0.0000
0.9371
0.0333
0.9004
0.2121
0.6854
1.0000
1.0000
1.0000
0.9372
0.0388
1.0000
0.9363
0.6344
0.0112
0.2305
0.9312
0.6333
0.9710
0.3718
0.2504
0.9488
1.0000
0.6813
0.0317
1.0000
0.7054
0.9905
0.0880
0.2507
1.0000
0.2172
0.0313
0.1466
0.5029
0.9313
0.6731
0.8165
0.3372
0.9086
1.0000
0.8953
0.3242
0.7838
0.0009
0.6255
0.7125
0.6607
0.7830
0.3284
0.5191
1.0000
0.6457
0.1651
0.9376
1.0000
1.0000
0.6000
0.0052
0.8823
0.0000
0.1041
1.0000
1.0000
0.8071
0.0766
0.7789
0.6305
0.9641
0.7151
0.0313
1.0000
0.9007
0.5617
1.0000
0.0000
0.0335
0.0003
0.6544
0.0110
1.0000
0.6319
0.7452
0.8879
0.4412
0.7334
0.0000
0.5045
0.0018
0.2588
0.8657
0.6915
1.0000
0.7329
0.8872
0.0000
0.1676
0.9786
0.4338
0.9991
0.7475
0.9996
1.0000
1.0000
0.0505
1.0000
0.1356
0.0461
1.0000
0.0284
1.0000
0.8720
1.0000
0.0300
0.6965
0.1443
0.3305
0.9114
0.0680
0.8670
0.9985
0.6256
0.8051
0.3922
0.9975
0.9094
0.1757
0.1733
0.9633
0.0000
0.7370
0.9358
0.0000
0.5210
0.9650
1.0000
0.7429
0.9123
1.0000
0.7274
0.8940
0.6335
0.9536
1.0000
0.8929
0.1773
0.9302
0.8211
0.4124
0.3616
0.1462
0.0000
0.2599
0.9632
0.7101
0.7874
0.4252
0.6699
0.8854
1.0000
0.0000
0.4212
0.7006
0.8374
0.0000
0.7153
1.0000
1.0000
0.9445
0.0249
1.0000
0.4856
0.0339
0.7723
0.4459
0.9983
0.8565
0.4195
0.6845
0.2665
0.0323
0.6479
0.9796
0.9960
0.0000
0.7397
0.1627
0.0000
0.1013
1.0000
0.7433
0.6840
0.0001
0.2325
0.0459
0.0817
0.0000
1.0000
1.0000
0.6216
0.7794
1.0000
1.0000
0.0000
0.0000
0.0011
1.0000
0.3678
1.0000
0.3424
0.9246
0.9320
0.9999
0.0000
0.9781
0.9984
0.0346
0.5422
0.9128
0.0042
1.0000
0.0206
1.0000
0.9141
0.0850
0.9330
0.0000
0.5338
1.0000
0.9249
0.0329
0.0000
0.9668
0.3458
0.0002
0.7148
1.0000
0.3044
0.7263
1.0000
0.0187
0.5644
0.1837
0.0904
0.3908
0.3395
0.8260
0.0000
1.0000
0.9702
0.9425
0.2545
1.0000
0.4215
0.8756
0.0000
1.0000
0.0004
0.4990
1.0000
0.1237
0.9346
0.5268
0.0001
0.2659
1.0000
0.0000
0.8218
0.0939
0.9919
0.0000
1.0000
0.6957
0.7701
1.0000
0.0761
0.0190
0.1271
0.8054
0.5020
0.8166
0.7408
0.8516
0.9275
0.0007
0.8566
0.1242
1.0000
0.8158
0.8046
0.0000
0.4647
1.0000
1.0000
0.7573
0.0402
1.0000
0.0000
0.7750
1.0000
1.0000
0.0447
0.9087
0.3153
1.0000
0.6915
1.0000
0.9096
1.0000
0.4191
0.0000
0.8814
0.0000
1.0000
0.3988
0.2569
0.1695
0.0001
0.2619
0.8972
1.0000
0.0698
0.9336
0.0972
1.0000
0.5109
0.0000
1.0000
0.9670
0.0000
0.0957
0.8957
1.0000
0.0757
0.9511
1.0000
0.1923
0.2756
0.6426
0.9968
0.0000
1.0000
0.0693
0.9753
0.0000
1.0000
1.0000
0.9915
0.1003
0.1306
1.0000
0.4693
0.0001
1.0000
0.7540
0.2038
0.3996
0.6275
0.8710
1.0000
0.4377
1.0000
0.0000
0.0000
0.1083
0.7746
0.1413
0.1768
0.9106
0.0000
1.0000
0.0000
0.9013
0.5740
0.9672
0.2964
0.9676
0.2774
0.0000
1.0000
0.1109
1.0000
1.0000
0.0000
0.5230
0.5960
0.9212
0.9139
0.9780
0.5203
0.1066
1.0000
0.1806
0.7367
1.0000
0.0000
0.0000
1.0000
0.9592
0.2194
1.0000
0.0957
0.0770
0.8110
0.9635
0.6244
0.6026
0.8459
1.0000
1.0000
0.7427
0.8395
0.0677
1.0000
0.9452
0.2957
0.9327
1.0000
1.0000
0.8342
0.7914
0.0000
0.2632
0.0397
0.9939
0.2271
1.0000
0.8885
1.0000
1.0000
0.8100
0.9475
0.2989
0.0000
1.0000
0.0000
0.8469
0.7964
1.0000
0.8645
0.0000
0.0632
0.7107
1.0000
1.0000
1.0000
0.8797
0.6468
0.9999
1.0000
0.9101
0.9387
0.0000
0.8602
0.3671
1.0000
0.7162
0.0797
0.3399
0.7318
0.9999
0.9956
0.0198
1.0000
0.0055
0.6378
0.9735
0.9558
0.7295
0.6733
0.0128
1.0000
0.0454
0.8934
0.0057
0.0591
1.0000
0.0333
1.0000
0.1510
0.9908
0.2354
0.0589
0.7199
0.2258
1.0000
0.6970
0.8698
0.8421
1.0000
0.9866
0.4349
0.4958
1.0000
0.3906
0.0000
0.3913
0.7681
0.3103
0.9383
0.9229
1.0000
0.9352
0.1983
0.6256
1.0000
0.5899
0.8578
0.9980
1.0000
0.7564
1.0000
1.0000
0.7922
0.9698
0.2966
1.0000
1.0000
0.0033
0.1713
1.0000
0.8609
0.8938
1.0000
1.0000
0.0000
0.0000
0.0142
0.8295
0.9573
0.2882
0.7430
0.1725
0.8272
1.0000
0.0540
0.2130
0.2133
0.8144
1.0000
0.8679
0.6992
0.2544
0.9377
0.0000
1.0000
1.0000
0.7729
0.9957
0.9393
0.5964
0.0612
0.6484
0.9920
0.8305
0.1567
0.9118
0.9663
0.0054
0.0027
0.4949
0.0519
0.9950
0.9456
0.0982
0.0000
0.8228
0.5498
0.4794
0.5688
0.0000
0.5397
0.1009
1.0000
0.4262
1.0000
0.7250
0.5349
0.6871
0.2368
0.9593
0.9545
0.4677
0.6019
1.0000
0.8393
1.0000
0.6217
0.8154
0.7002
0.9405
1.0000
1.0000
1.0000
1.0000
0.9821
0.9998
1.0000
0.0743
0.0000
0.9182
0.0000
0.2986
1.0000
0.8737
0.1795
0.4572
0.6248
1.0000
0.8938
1.0000
0.9366
1.0000
0.7597
0.6521
0.6297
1.0000
0.4442
1.0000
0.1273
0.6592
0.6137
0.0007
0.0000
1.0000
0.0000
0.0000
0.8109
0.0749
0.1093
0.6682
0.0980
1.0000
0.9944
0.1151
1.0000
1.0000
0.9702
0.9667
0.9932
0.6771
0.8481
0.9106
0.1313
0.0000
1.0000
0.2598
0.4487
0.0369
0.1907
0.9977
0.0085
0.9692
1.0000
1.0000
0.8542
0.9996
1.0000
0.0301
0.7873
0.9252
0.5285
0.0018
0.6714
0.7713
0.9715
1.0000
1.0000
0.6541
0.7510
0.0000
0.5332
0.7613
1.0000
0.4644
0.8968
0.0314
0.1900
0.4345
0.8950
0.2516
0.9993
1.0000
0.9779
0.9999
0.9699
0.2146
0.2549
0.0000
0.9055
0.8443
0.1513
0.7573
0.8199
0.8345
0.9956
1.0000
0.0000
0.9886
0.9129
0.2226
0.1662
1.0000
0.8069
1.0000
1.0000
1.0000
0.7834
0.9871
0.8522
0.7311
0.0000
0.8514
0.0000
0.5140
1.0000
1.0000
0.9659
0.4568
1.0000
0.4165
0.8799
0.3074
0.9951
0.2519
0.0000
1.0000
0.2085
0.0137
0.9656
0.6668
0.0000
0.0012
1.0000
0.9945
0.7569
0.0377
0.8034
0.3642
1.0000
1.0000
0.0240
0.2405
0.8740
0.8027
1.0000
1.0000
0.8601
0.6461
0.7465
0.8756
0.6046
0.9997
1.0000
0.7210
0.8524
0.2185
0.0254
0.6189
0.1959
0.0000
0.0000
0.9998
1.0000
0.4226
1.0000
0.6557
0.5316
0.7496
0.9609
0.9518
1.0000
0.9573
1.0000
0.0008
1.0000
0.1955
0.9630
1.0000
0.0003
0.1765
0.1465
0.8913
0.9102
0.4413
0.6908
0.0702
0.9488
0.7847
1.0000
0.2337
0.8441
0.3255
0.0000
0.8100
0.0814
0.6381
0.3416
0.7420
0.8209
0.2923
0.0584
0.4232
0.7232
1.0000
0.9973
0.9368
0.0000
0.8279
0.6581
0.6467
0.9907
0.7311
0.9536
0.1249
0.6368
1.0000
1.0000
0.5530
0.2226
0.7927
0.7421
0.9301
1.0000
0.8122
1.0000
0.0756
0.9869
1.0000
0.6773
0.1397
1.0000
0.3875
0.9903
0.6664
1.0000
0.9980
0.6716
0.8892
0.0837
0.6947
0.9895
0.6879
0.3573
0.9424
1.0000
0.0000
0.0000
1.0000
0.7062
1.0000
0.4129
1.0000
0.8133
0.8787
0.6727
0.0587
0.3041
0.2128
1.0000
0.1331
0.8261
0.7218
0.0133
0.0000
0.8417
0.8149
1.0000
0.8480
0.0622
0.9731
0.0000
1.0000
0.2154
1.0000
0.8476
1.0000
1.0000
0.0072
0.9989
1.0000
1.0000
0.0000
1.0000
1.0000
0.0226
0.4469
0.4301
0.0078
1.0000
0.6327
0.0000
0.7547
1.0000
0.0000
0.7317
0.0002
0.3030
0.7852
0.1829
0.9332
0.0230
0.9684
0.3030
0.0012
0.8994
0.6129
0.0012
0.4348
0.4978
0.9961
0.0000
0.8071
0.0000
1.0000
0.0001
1.0000
1.0000
0.7941
1.0000
0.0000
0.6598
0.8071
1.0000
0.7717
0.4544
0.6882
1.0000
0.0000
0.8638
0.0332
0.0723
0.2567
0.6613
0.0000
0.7731
0.0800
0.3394
0.9999
0.1358
1.0000
0.8630
0.9999
0.2369
0.4144
0.0025
0.9887
0.0006
0.9649
1.0000
0.9655
0.0950
0.3269
0.8221
0.6209
0.9333
0.0000
0.9702
1.0000
1.0000
0.0000
0.6401
0.9984
0.9997
0.5785
0.0748
0.5694
1.0000
0.6413
0.0000
0.0000
0.9256
0.9710
0.0000
0.8644
0.9731
0.8882
0.0001
1.0000
0.9237
0.8253
0.7541
1.0000
0.0000
0.4783
0.1889
0.8778
0.8190
0.4795
0.3470
0.9312
0.7794
0.6927
0.3150
0.7615
0.1500
0.9993
0.8997
0.5274
0.8169
0.9999
0.7200
0.7588
0.2107
1.0000
0.8458
0.7280
0.0000
0.9161
0.3138
0.2503
0.0000
0.0000
0.1710
1.0000
0.8803
0.0000
0.9632
0.5591
0.9206
1.0000
0.0219
0.9934
0.0004
1.0000
0.8953
0.9998
0.9794
0.4687
0.0296
0.4508
0.9638
0.7387
0.0003
0.9579
0.0000
0.0000
1.0000
0.3511
0.0003
0.3828
0.6888
0.5481
1.0000
0.1794
1.0000
0.7825
0.6971
1.0000
0.3012
0.4242
0.5632
0.4159
1.0000
0.5388
0.0000
0.5726
0.1038
0.7790
0.5648
0.9728
0.9994
0.9755
1.0000
0.0000
1.0000
1.0000
1.0000
0.9026
0.4942
1.0000
0.6785
0.4493
0.0763
0.7177
1.0000
0.3725
0.0342
1.0000
0.9666
1.0000
0.0423
0.3657
1.0000
1.0000
1.0000
0.2228
0.9296
0.2847
0.5128
0.6682
1.0000
0.0001
0.4456
0.1596
0.7075
0.0000
0.9047
0.8356
0.0591
0.9688
0.5939
0.4326
0.0012
0.9915
0.0000
0.9079
0.8658
0.0029
0.9375
0.9946
0.2585
0.0049
0.0001
0.9926
0.1142
0.8470
0.0720
0.4470
0.9023
1.0000
0.1951
0.0000
0.0000
1.0000
0.8182
1.0000
0.8494
0.8070
1.0000
0.6089
0.4600
0.0000
0.4661
1.0000
0.6221
0.9576
0.9282
0.5881
0.5160
0.3356
0.0000
0.7890
0.7155
0.5326
0.7937
1.0000
0.9242
0.9839
0.1392
0.8849
0.8271
0.2719
0.9554
0.2920
1.0000
0.3430
0.0006
0.9294
1.0000
0.0000
0.4467
0.8795
0.8306
0.9393
0.0868
0.4196
0.7204
0.0047
0.7984
1.0000
0.9927
0.8929
0.0337
0.0009
0.5456
0.0000
0.7240
0.6623
0.8155
1.0000
1.0000
1.0000
0.9592
0.6145
1.0000
0.8411
0.2783
0.4619
0.1527
0.9582
0.9741
0.0674
0.0287
0.5733
0.0000
0.0000
0.5188
0.9711
0.4219
1.0000
0.0551
0.6917
0.8865
1.0000
0.8128
0.6660
0.9162
0.0789
0.0000
0.0000
0.0000
0.5038
0.0005
1.0000
0.1756
0.2946
0.7298
0.4894
1.0000
0.9530
0.4306
0.0000
0.3616
0.7147
1.0000
1.0000
0.2048
1.0000
0.7345
1.0000
1.0000
0.0076
0.6646
0.4697
0.0000
0.0000
0.8995
0.0838
0.5570
0.8714
0.6895
0.0002
0.8935
0.9514
0.2814
0.9568
1.0000
1.0000
0.5182
0.0780
1.0000
0.0577
0.0000
0.7928
0.0361
0.8907
0.1792
0.5355
0.3833
0.0000
1.0000
0.0081
0.9676
0.6758
0.4040
0.9998
1.0000
0.7723
0.0000
0.5452
0.9998
0.2211
1.0000
1.0000
0.0000
0.1898
1.0000
0.8878
1.0000
0.3453
0.9999
0.8837
0.9484
0.3075
0.7388
0.5295
0.7122
1.0000
0.8520
0.0000
0.0000
1.0000
0.7539
1.0000
1.0000
0.0008
0.0561
0.7364
0.8628
0.0002
1.0000
0.4460
0.2694
0.0000
0.4348
0.8922
0.3585
0.1378
0.9210
0.8565
0.3630
0.8566
0.4179
1.0000
0.7651
0.7265
0.9674
0.2625
0.1546
0.8917
0.8787
0.6712
1.0000
0.0002
0.7282
0.0008
0.1168
0.6084
1.0000
0.6288
0.1715
0.8213
0.8062
0.8330
0.6372
0.0000
0.9942
0.9195
0.8669
0.2532
0.2890
0.0295
0.2710
0.6751
0.2654
0.0000
1.0000
1.0000
0.0906
0.5136
0.9665
0.7523
0.8555
0.9682
1.0000
1.0000
0.0000
0.9973
0.0000
0.3915
0.5552
0.0944
1.0000
1.0000
0.8037
0.3649
0.6344
0.7916
0.9904
1.0000
1.0000
0.0000
0.5478
0.0992
1.0000
0.7811
0.6705
0.0521
0.0298
1.0000
1.0000
0.5975
1.0000
0.2388
1.0000
0.1368
0.0000
1.0000
1.0000
0.9324
0.4731
0.4745
0.7406
1.0000
0.8953
0.9989
0.9624
0.1229
1.0000
1.0000
1.0000
0.9712
0.9711
0.0323
0.9433
0.9999
0.0152
1.0000
0.0703
1.0000
0.9999
0.4846
0.6691
0.6907
0.6330
1.0000
0.9993
0.9271
0.0322
0.8701
0.0000
0.3456
1.0000
0.8920
0.7897
1.0000
0.2512
1.0000
0.9397
0.7722
0.6917
0.0000
0.4332
1.0000
0.4361
0.9483
0.8411
0.0983
0.7784
0.9310
0.9219
0.6420
0.7305
0.8136
0.9148
0.6212
0.9823
0.0000
0.7689
0.0000
1.0000
0.0001
0.8586
0.6955
0.5711
1.0000
0.0000
1.0000
0.0759
1.0000
1.0000
0.1378
1.0000
0.0336
0.8341
0.8061
0.0389
1.0000
1.0000
0.0000
0.0293
0.8477
0.0000
0.4634
0.9961
0.1916
1.0000
0.1096
1.0000
0.9716
0.0000
1.0000
0.1131
0.8807
0.6467
0.9071
0.9336
0.7749
0.7737
0.1978
1.0000
0.3628
1.0000
0.0000
0.0139
0.8005
1.0000
0.9242
0.8882
0.0776
0.8773
1.0000
1.0000
0.6175
0.2764
0.4091
0.4768
1.0000
0.4208
1.0000
0.9996
0.3057
0.6781
1.0000
1.0000
0.0002
0.0003
0.9994
1.0000
1.0000
0.3719
0.4851
0.2082
0.8498
1.0000
0.2767
1.0000
1.0000
1.0000
0.0812
0.0067
0.4976
0.8254
0.8594
0.9966
1.0000
1.0000
0.5245
0.9031
0.9544
0.9997
0.0000
0.3629
0.8705
0.8651
0.8898
0.8338
0.1797
0.9617
0.2178
0.7760
0.0001
0.1514
0.8663
0.3608
0.0000
0.8945
1.0000
0.4704
0.8189
0.9694
0.0006
0.2467
0.8469
1.0000
0.9538
0.1328
0.7256
0.9703
0.8050
0.1755
0.3097
0.5277
0.8768
1.0000
0.0888
0.9024
0.3894
0.0002
0.5910
1.0000
0.0000
0.4046
0.0000
0.9106
1.0000
0.6755
1.0000
0.0000
1.0000
1.0000
0.7983
0.1412
0.1914
0.8820
0.6994
0.8650
1.0000
0.7539
1.0000
0.9170
0.0186
0.1768
0.6502
0.6579
0.0738
0.1018
0.5977
0.8832
0.9828
0.8866
0.6207
0.9971
0.9037
0.7315
1.0000
0.6501
0.3891
0.0051
0.0000
0.4278
0.2636
1.0000
0.8650
0.3464
1.0000
1.0000
0.0000
0.9520
0.6782
0.0000
0.0000
0.4390
0.1022
0.7549
0.1147
0.0000
0.8300
0.9687
0.0000
0.0000
0.9892
1.0000
1.0000
0.3871
0.0044
1.0000
0.7816
1.0000
0.0330
1.0000
0.9752
0.6626
0.9927
0.0000
0.1510
1.0000
0.2633
1.0000
0.3230
0.9678
0.0033
0.6992
0.4392
0.7108
0.0948
0.7036
0.0428
1.0000
1.0000
0.9976
1.0000
0.9284
0.4244
0.7787
0.9703
1.0000
0.7624
1.0000
1.0000
0.9076
1.0000
0.9676
0.2134
0.9996
1.0000
0.0000
0.9993
0.9478
0.0000
0.0000
0.0001
0.7865
0.4799
0.9628
0.7187
0.5101
1.0000
0.9645
1.0000
0.7146
0.4458
0.7572
0.7559
1.0000
0.8159
0.6622
0.6729
0.0159
0.9634
0.3010
0.1366
0.0000
0.9327
0.3292
1.0000
0.0699
0.9996
0.5810
1.0000
0.9999
0.3707
0.6636
0.7065
0.8136
0.9667
0.8770
1.0000
1.0000
0.3428
0.9494
0.0311
0.8231
0.9987
0.9085
0.2869
0.1244
1.0000
0.5482
0.7777
0.8652
0.5122
0.0873
1.0000
0.0853
0.5744
0.6441
0.2121
0.6294
0.6802
0.0577
0.0000
0.0000
0.9960
0.6846
0.9708
0.9989
0.6810
1.0000
0.3329
0.7938
0.5676
0.0334
0.2935
0.8071
1.0000
0.0000
0.0002
0.8235
0.0001
0.8293
1.0000
0.8185
1.0000
0.2513
0.6576
1.0000
0.9982
0.4560
1.0000
0.6502
0.9982
0.4404
0.0000
0.0667
0.8018
0.7603
0.9989
0.8504
0.5629
1.0000
0.0000
0.4666
1.0000
0.8584
0.0000
0.5527
0.4609
0.0000
0.0000
0.4961
0.9992
0.8694
0.0000
0.9663
0.8813
0.9660
0.9733
1.0000
0.8509
0.5878
1.0000
0.9082
0.6969
0.8536
0.4077
0.9937
0.7351
0.0000
0.0512
0.2133
0.2184
0.6504
0.9980
0.0000
1.0000
1.0000
0.6920
1.0000
1.0000
0.0000
1.0000
0.6543
0.0732
0.3596
1.0000
0.9036
1.0000
0.0964
0.0001
0.6589
0.0334
1.0000
1.0000
0.8825
0.3514
0.9987
0.3655
1.0000
1.0000
0.0782
0.8128
0.5717
1.0000
0.1939
0.0000
0.8672
0.9368
1.0000
0.8487
0.0000
1.0000
0.7201
0.8067
0.4950
0.2462
0.1119
0.6491
0.0000
0.0001
0.9572
0.8899
0.7042
1.0000
0.6124
0.5218
0.6773
0.7746
0.1098
0.3180
0.0374
0.9957
0.9666
0.5214
0.9999
0.9521
0.7608
0.6917
0.3322
0.4373
1.0000
0.9980
0.8391
0.1542
0.0206
0.3402
0.8693
0.6805
1.0000
0.0000
0.0000
0.9998
0.7394
0.0483
0.8852
0.8156
0.8041
0.1562
0.7382
0.2802
0.0875
0.0000
0.0000
0.7269
0.0417
0.4710
0.9227
0.0000
1.0000
1.0000
1.0000
0.1448
0.3967
0.2523
1.0000
0.0329
0.0990
1.0000
0.2086
0.0246
0.3561
0.0000
0.9896
1.0000
0.0001
0.0002
0.9947
0.2205
0.6644
0.9986
0.0097
0.0022
0.7603
0.2242
0.9667
0.0600
0.9287
0.9672
1.0000
0.8344
0.2098
0.9426
0.1360
1.0000
0.9338
0.6053
0.7275
0.0079
0.5383
0.2336
0.4249
0.8854
0.3623
0.0666
0.3801
0.1014
1.0000
1.0000
0.0000
0.4615
0.5226
0.9999
0.9834
1.0000
0.2240
1.0000
0.3298
0.7656
0.6693
1.0000
1.0000
0.7309
0.0988
0.6479
0.0000
0.2961
0.9688
0.2707
0.0000
0.0000
0.5286
0.6103
0.8248
0.9994
0.0000
0.6159
0.9971
0.6208
0.0000
0.0000
0.2935
0.0066
0.9667
0.5370
0.3052
0.2777
0.9681
1.0000
0.6750
0.9790
1.0000
0.6336
0.8555
1.0000
0.8088
0.6287
0.0000
1.0000
1.0000
0.9994
0.0000
0.4734
0.8302
0.1255
1.0000
0.1526
0.8011
0.0998
0.0001
0.8405
0.0000
0.0000
0.3633
0.5009
0.6262
1.0000
0.9523
0.0010
0.6527
0.2372
0.2877
0.4570
0.0257
0.7794
0.9815
0.0000
0.4514
1.0000
0.0004
0.0000
0.0307
0.0000
0.0050
0.9976
1.0000
0.0000
1.0000
0.7973
0.6281
0.0000
0.7178
0.2637
0.7337
0.7150
1.0000
0.5761
0.0002
0.6238
0.9999
0.9101
0.9056
0.0000
0.8907
0.7525
0.0598
0.9772
1.0000
0.8608
0.0000
0.7175
0.7093
0.1794
0.1541
0.9533
1.0000
0.5769
0.1149
0.3887
0.9928
0.6977
0.3887
0.9573
0.5030
0.7261
1.0000
0.0152
1.0000
0.7843
1.0000
1.0000
0.7301
0.9182
0.0421
0.7612
0.1595
1.0000
1.0000
1.0000
0.9205
0.9978
0.8488
1.0000
0.2856
0.6996
0.3203
0.0585
0.9156
0.1851
0.3093
0.0000
0.0000
0.0002
0.6990
0.8646
0.2895
0.3714
0.5084
0.1350
0.0001
0.4514
1.0000
0.7890
0.2105
1.0000
0.7590
1.0000
0.1689
0.5210
0.9982
1.0000
1.0000
0.0000
0.9469
1.0000
1.0000
0.1039
0.6651
0.5423
0.4650
1.0000
0.8504
0.9670
0.9993
0.9707
0.1501
0.0250
0.0780
0.9200
0.8983
0.7908
0.1432
0.1581
0.0001
1.0000
1.0000
0.9819
0.6224
0.0681
0.6588
0.9210
0.3714
0.7343
0.6436
0.2695
0.6763
0.9801
0.0338
0.9628
0.8580
1.0000
0.0188
0.9552
0.0000
0.0580
0.7377
1.0000
1.0000
0.6373
0.6949
0.1057
0.7257
0.9926
0.8193
0.1561
1.0000
1.0000
0.0000
1.0000
0.0000
1.0000
0.8922
0.6950
0.0000
0.1708
0.9308
0.2385
0.9923
1.0000
0.8368
0.9999
0.7083
0.0118
0.9521
0.4276
0.9997
0.9234
0.8946
0.7274
0.6523
0.4315
1.0000
0.8649
0.3817
1.0000
0.8165
1.0000
0.3001
0.0226
0.9482
0.3466
0.0000
0.0182
0.5851
0.4167
1.0000
0.7594
0.8005
0.7090
0.4642
0.2255
0.2091
0.7456
0.6866
0.4475
0.0755
0.0016
0.7593
0.1244
0.8886
0.0004
0.0000
0.2970
1.0000
0.9516
0.9322
0.8100
0.9290
0.6850
0.6992
0.9760
0.0014
0.9994
1.0000
0.6544
1.0000
0.3469
1.0000
1.0000
0.0000
0.2691
0.5220
1.0000
0.0000
1.0000
0.7444
0.0345
0.1772
1.0000
0.0998
0.5383
1.0000
1.0000
0.8081
0.8564
1.0000
1.0000
0.7725
0.1050
0.5196
0.5708
0.0001
0.1602
1.0000
0.9414
0.9439
0.1501
0.0689
0.2618
0.9999
0.5962
1.0000
0.2572
0.7766
1.0000
0.7791
0.7696
0.8338
0.3504
0.7695
0.6317
0.9327
0.0615
0.2996
1.0000
0.3122
1.0000
0.6021
0.0000
0.9213
1.0000
1.0000
0.0709
0.3974
0.9397
1.0000
1.0000
0.9291
0.0241
0.8157
0.1675
1.0000
0.7341
0.4307
0.0000
0.1230
1.0000
0.8196
1.0000
1.0000
0.9979
0.7964
0.2777
1.0000
0.6061
1.0000
0.0949
0.0328
0.5841
0.0108
1.0000
0.7652
0.9239
0.7238
0.6166
1.0000
0.5641
1.0000
0.9866
0.7301
0.6966
1.0000
0.0039
0.8087
0.9382
0.0000
0.6803
0.5354
0.0004
0.0006
0.0002
0.7581
0.0000
0.4553
0.8460
1.0000
0.6227
1.0000
0.0471
0.7002
1.0000
0.5552
0.6885
1.0000
0.9975
0.4281
0.9891
1.0000
0.8265
0.0000
0.8827
0.3450
0.1972
0.9992
0.4399
0.0642
0.9971
0.0012
0.0000
0.1372
0.2944
0.9315
0.0197
0.5283
1.0000
0.1834
1.0000
0.9385
0.9532
0.1582
0.9695
0.3276
1.0000
0.8105
0.9356
0.3263
0.6751
0.0000
0.9085
0.7976
0.8999
0.9225
0.9127
0.2123
1.0000
1.0000
0.1956
1.0000
0.9699
0.9430
0.5577
0.4172
1.0000
0.6980
1.0000
0.3963
1.0000
0.7973
0.5450
0.8257
1.0000
0.9999
0.0000
0.0173
0.1367
1.0000
0.0085
1.0000
0.0000
0.5736
0.5714
0.6843
0.9568
0.0000
1.0000
0.0522
0.5022
0.0362
1.0000
0.7792
0.9342
1.0000
0.8118
0.3015
0.0902
0.1078
1.0000
0.2351
1.0000
0.8961
0.1864
0.0000
1.0000
1.0000
0.5515
0.0000
0.1610
0.9473
0.1778
0.2410
0.0000
1.0000
1.0000
0.8622
0.3299
0.8922
0.0000
0.9188
0.1846
1.0000
0.0867
0.9584
1.0000
0.9844
0.6525
0.9715
1.0000
0.8650
0.2405
0.0000
0.2700
0.3280
1.0000
1.0000
0.3856
0.9981
0.4667
0.4157
0.8286
0.7234
0.2649
0.0000
1.0000
0.0000
0.7795
0.8887
0.0000
0.9364
0.7304
0.9099
0.4615
1.0000
1.0000
1.0000
0.0333
0.6697
0.0061
0.9869
0.8508
0.0000
0.9715
0.5606
0.9186
1.0000
0.0741
0.7034
0.0778
1.0000
0.6052
0.6256
1.0000
0.8297
0.0001
0.0923
0.4993
0.0000
0.9999
0.9411
1.0000
0.8402
0.6940
0.9999
1.0000
0.9392
0.3520
1.0000
0.0470
0.9993
0.2542
0.8681
0.9668
0.3890
0.9125
0.0985
0.9995
0.1215
0.0548
0.6891
0.4671
0.9961
0.8402
0.0341
0.0085
0.9999
0.3640
0.7354
0.4971
0.4953
1.0000
0.2034
0.9998
1.0000
0.7701
0.1053
0.0574
0.0000
1.0000
0.2862
0.6728
0.0000
0.7883
0.6514
1.0000
1.0000
1.0000
0.9423
0.3967
0.6035
0.7557
1.0000
1.0000
0.2406
0.0164
1.0000
0.0027
0.1260
0.3235
0.4137
0.0000
0.8406
0.0000
0.4740
0.9991
0.8198
0.8381
0.9512
1.0000
0.9517
0.0567
0.9427
0.0002
0.0334
0.9997
0.8475
0.0526
1.0000
0.0000
0.0000
1.0000
0.7639
1.0000
0.5925
0.9997
0.2360
0.7355
0.7815
0.9387
0.0001
1.0000
0.0000
0.7765
0.3569
0.0000
0.9604
0.0000
0.0130
0.9992
1.0000
0.8658
0.2180
0.9936
1.0000
0.0054
0.0558
0.9575
0.0333
0.9957
0.0000
1.0000
0.0015
0.0001
0.2778
0.7040
1.0000
0.5092
0.5970
0.0299
0.5498
0.4978
0.8720
1.0000
1.0000
1.0000
0.8117
0.1387
0.7670
0.9048
0.0566
0.6232
0.1222
0.9999
0.9362
1.0000
0.7040
0.9271
0.4320
0.0394
0.9999
0.3864
0.7534
1.0000
0.9760
0.8493
1.0000
0.6295
0.5835
0.3046
0.8952
1.0000
0.7917
1.0000
0.7336
0.9975
0.1174
0.7624
0.0000
1.0000
0.8816
1.0000
0.5159
1.0000
1.0000
0.9931
0.9948
1.0000
1.0000
1.0000
1.0000
0.8863
1.0000
0.1481
0.9120
0.3965
0.5378
0.8510
1.0000
0.0000
0.8318
0.9632
0.0376
0.0051
1.0000
0.7671
1.0000
1.0000
1.0000
1.0000
0.9332
1.0000
0.0000
0.6839
0.0000
0.0000
0.1415
0.0932
0.1620
1.0000
1.0000
0.5405
0.9995
1.0000
0.9459
0.3757
0.0000
0.3800
0.7967
0.0079
0.7788
0.1487
0.7318
0.0000
0.8297
0.3154
0.1816
0.0001
0.0650
0.9976
0.8527
0.9852
0.0000
0.2737
0.9984
0.6731
1.0000
0.8977
0.9078
0.0000
0.9597
0.8581
0.6695
0.9583
0.7019
0.0000
0.6894
1.0000
0.7855
0.5676
0.7708
0.8184
0.0665
1.0000
1.0000
0.1761
0.7975
0.4188
0.6474
1.0000
1.0000
0.3656
1.0000
0.0000
1.0000
1.0000
0.7566
0.8742
0.5580
0.9997
0.5279
0.2395
1.0000
0.7289
0.0000
0.6491
0.9996
0.7572
0.9909
1.0000
0.6682
1.0000
1.0000
0.6730
0.2758
1.0000
1.0000
1.0000
1.0000
0.5857
1.0000
0.8200
0.9667
0.0004
0.2766
0.6913
0.9960
0.0062
0.0000
0.0000
0.9999
0.4272
0.9999
0.7576
0.0000
0.0254
0.1566
0.7671
0.0000
0.9043
1.0000
0.4658
0.8333
0.7197
0.9998
1.0000
0.9977
0.7453
1.0000
0.8794
0.9728
0.1604
0.0009
1.0000
0.5329
0.9992
0.8652
1.0000
1.0000
1.0000
1.0000
0.9800
0.9981
0.8779
1.0000
0.8000
0.3674
0.7474
0.0188
0.0000
0.4675
0.6077
1.0000
0.3579
0.7513
0.7609
0.9191
0.0000
0.7676
0.4840
0.0000
0.4946
1.0000
0.0000
0.8425
0.0049
0.6321
0.8788
1.0000
0.9163
0.9970
0.0352
1.0000
0.4363
0.8660
0.3790
0.0000
0.3243
0.5979
0.7334
1.0000
1.0000
0.0410
0.9416
0.4966
1.0000
0.6315
0.7500
1.0000
0.4778
0.4415
1.0000
0.0353
0.0047
0.4091
0.8254
0.9503
0.7485
0.7625
0.1405
0.8340
0.9338
0.8831
0.1874
0.9670
0.6045
0.0001
0.4757
0.9681
0.9992
0.0707
1.0000
1.0000
0.9864
0.2956
1.0000
0.9283
0.0447
0.3991
1.0000
0.8274
1.0000
0.1858
1.0000
0.8321
1.0000
0.1807
0.1068
0.7920
0.7035
0.7182
0.0000
0.0445
0.0000
1.0000
0.1709
0.7551
0.8723
1.0000
1.0000
0.7905
0.0001
0.8038
0.6964
0.7318
0.0000
1.0000
0.0000
0.5325
0.3300
1.0000
0.4526
0.6177
0.0019
0.3623
0.0011
0.8007
0.0687
0.3083
0.6881
0.9939
0.9432
1.0000
1.0000
0.9126
0.0641
0.5051
0.2992
0.7635
0.9144
0.4327
1.0000
1.0000
0.8113
0.8806
1.0000
0.7090
0.9389
0.9875
0.5061
0.9339
1.0000
0.4864
0.7415
0.7675
0.7621
0.0000
0.1954
0.2631
0.5099
0.8133
1.0000
0.2562
0.0001
0.0000
0.9999
0.3973
0.6538
1.0000
0.0000
1.0000
0.9088
0.0313
0.5024
1.0000
0.7299
1.0000
0.7051
0.0296
0.8795
1.0000
1.0000
0.6045
0.9850
0.7086
0.6716
1.0000
0.3574
0.7283
0.5271
0.0000
0.0506
0.4419
0.3757
0.7537
1.0000
1.0000
0.8836
0.4417
0.9329
0.5385
0.7510
0.7724
0.0000
0.3497
1.0000
0.6547
0.4451
1.0000
0.4826
0.0000
0.0000
0.5338
0.7470
0.9352
1.0000
0.3133
0.9401
0.6436
0.1909
1.0000
0.0000
0.5756
0.0827
1.0000
0.0186
0.2813
0.0000
0.8713
0.6509
0.7793
1.0000
1.0000
0.3134
1.0000
1.0000
0.5869
0.7604
0.4411
0.0000
1.0000
0.8858
0.6016
1.0000
1.0000
0.7280
0.3073
0.8850
0.0333
0.0968
0.2027
0.2894
0.9416
0.3850
0.7994
0.7918
1.0000
0.3693
0.3766
1.0000
0.8967
0.0077
0.5816
0.0000
0.0000
0.5973
0.7541
0.0285
0.5553
1.0000
0.1655
0.9742
0.2365
0.9155
0.6935
0.3319
0.0000
0.9456
0.5448
0.9997
0.1545
0.7068
0.7376
0.0000
1.0000
0.4617
1.0000
0.4277
0.1871
0.5531
0.9866
0.8075
0.4345
0.4264
0.0000
0.0664
0.9537
0.3622
1.0000
0.0744
0.9666
0.7317
0.7867
0.0000
0.3163
0.8969
0.8465
0.2911
0.5277
0.0000
1.0000
0.0000
0.6737
0.0258
0.1721
0.2465
1.0000
0.4199
0.4953
1.0000
0.9211
1.0000
0.7594
1.0000
0.2275
0.4937
1.0000
0.9997
0.0000
0.1654
0.2402
1.0000
0.9104
0.0000
1.0000
0.9993
0.9396
0.0000
0.8531
0.6139
0.0000
0.1261
1.0000
0.0661
0.8683
0.3859
0.8126
0.1577
0.8395
0.0423
0.1086
0.3876
1.0000
1.0000
0.0613
0.7686
0.0063
0.5610
0.6579
0.6019
0.9491
0.1011
0.0013
0.0381
0.5239
0.1949
0.1389
0.9653
0.0202
0.6487
0.0669
0.6415
1.0000
0.6081
0.9784
0.9882
0.7387
0.0000
0.4920
0.0000
0.6919
0.2023
0.5252
0.1104
0.7274
0.4076
1.0000
0.8996
0.9187
0.7132
0.9833
0.0078
0.6473
0.8072
0.6354
0.8783
0.6174
0.9745
0.7630
0.9387
0.0001
0.9659
0.0588
0.9996
0.9998
0.9984
0.4920
0.1972
0.6957
1.0000
0.5285
0.0000
0.7326
0.7826
0.5978
0.2465
1.0000
0.7928
0.0000
1.0000
1.0000
0.4571
0.9981
0.7185
0.6518
0.1287
0.9492
1.0000
0.9665
0.9826
0.4567
0.0002
0.8304
0.7808
0.8413
1.0000
0.9319
0.1911
0.0000
0.0002
0.7347
0.9990
0.5649
0.0168
1.0000
0.2988
0.2036
0.6870
0.9991
1.0000
0.0142
0.0414
0.9333
0.9738
0.9360
1.0000
0.5810
1.0000
1.0000
0.6351
0.9095
1.0000
0.9842
0.7078
1.0000
0.0000
0.3484
1.0000
1.0000
0.7590
0.9026
0.0000
0.4671
0.7277
1.0000
0.4286
0.9470
0.6453
1.0000
0.8663
0.9317
0.0970
0.9853
0.0000
0.7672
1.0000
1.0000
0.3018
0.7987
1.0000
0.6918
0.9495
0.0133
0.4602
1.0000
0.0045
0.2034
0.1687
0.9760
1.0000
0.8473
1.0000
0.8252
0.9087
1.0000
1.0000
0.1779
0.0000
1.0000
0.9357
1.0000
0.9998
0.9295
0.7759
1.0000
0.9506
0.7891
0.7368
1.0000
0.0580
0.9999
0.9596
0.9997
0.9999
1.0000
0.0000
0.0000
1.0000
0.4465
0.4718
0.1479
0.9971
0.0384
0.1091
0.9999
1.0000
0.7558
1.0000
0.6741
0.1458
0.9161
0.3010
1.0000
0.9999
1.0000
0.6749
0.8325
0.4541
0.8430
1.0000
0.5445
0.2290
0.6489
0.4899
0.1395
0.1007
1.0000
0.9165
0.0678
0.0426
1.0000
0.8381
0.1195
0.7084
0.1839
0.5672
0.5302
1.0000
0.0000
0.0000
0.3034
0.0698
1.0000
0.8538
1.0000
0.4762
1.0000
0.3174
0.6887
0.8236
0.7084
1.0000
1.0000
0.2111
0.0662
0.5998
0.0799
0.7600
0.0249
1.0000
1.0000
0.9726
0.0690
1.0000
1.0000
0.9505
0.8438
0.7558
0.0000
0.9374
1.0000
0.4545
0.7603
1.0000
0.4603
0.8864
0.2173
0.6705
0.6134
1.0000
0.9010
0.7913
0.9583
0.0386
0.0000
1.0000
0.1057
0.4976
0.0000
0.9999
0.4833
1.0000
0.9993
0.0042
0.9083
0.9404
1.0000
0.0141
1.0000
1.0000
0.0473
0.5102
0.0032
0.2318
1.0000
0.3834
0.9999
0.8779
0.9163
0.9534
0.0000
1.0000
0.5293
0.8241
0.7447
0.7773
0.1694
0.0000
0.6115
1.0000
0.9289
0.9583
0.9989
0.7032
0.8863
1.0000
0.6564
0.0000
0.9998
0.0258
0.7130
1.0000
0.0111
0.0202
0.0727
0.2326
0.7938
1.0000
0.7348
0.9678
0.7863
1.0000
0.0000
0.0000
0.6185
1.0000
0.1555
0.7092
0.9630
0.0813
0.0802
1.0000
0.8697
0.7290
0.7822
1.0000
0.9809
0.6875
0.0000
0.0000
0.8210
0.7919
1.0000
0.0000
1.0000
0.5166
0.6471
0.0515
1.0000
0.6273
0.9999
0.6529
0.4199
0.9999
1.0000
0.5132
1.0000
0.0643
0.8322
0.0199
1.0000
0.4516
0.0000
0.4862
0.0000
0.0346
1.0000
1.0000
0.9994
0.0757
0.9298
0.4345
0.3315
0.9969
0.7119
0.7038
0.7626
0.9154
1.0000
0.0000
0.2003
1.0000
1.0000
1.0000
0.0002
0.0002
1.0000
0.2110
0.9868
0.9999
0.0333
0.0479
1.0000
0.7048
0.9188
0.7931
0.6705
0.0408
0.8031
0.0167
0.0000
0.1030
1.0000
0.0800
0.4487
0.3494
0.4102
0.0000
0.0902
0.8248
0.9467
0.6867
1.0000
0.8582
1.0000
0.3632
1.0000
0.9864
0.0016
1.0000
0.7011
1.0000
1.0000
1.0000
0.3431
0.3514
0.7944
0.6632
0.0002
0.9999
0.0000
0.2213
0.3812
0.9280
0.8084
0.7252
0.9999
0.5336
0.8328
0.1423
0.0000
0.6024
0.0000
1.0000
0.8677
0.4693
0.9905
0.1287
0.0000
0.4471
0.8612
0.0180
0.0006
1.0000
0.2470
0.0466
0.8267
0.6482
1.0000
0.9646
0.7039
1.0000
1.0000
1.0000
0.5837
0.0000
1.0000
0.7411
0.9550
0.8780
0.4926
0.5747
0.9614
1.0000
0.8547
0.9763
0.1359
0.0004
0.9998
0.7597
1.0000
0.0944
0.4142
0.7111
1.0000
0.0331
0.9027
0.8752
0.7577
0.6981
0.9999
0.9998
0.0523
0.0593
0.7015
0.0000
1.0000
1.0000
0.0000
0.1093
1.0000
0.9018
1.0000
0.0000
0.2582
1.0000
1.0000
0.2984
0.0074
0.8653
0.0592
0.6410
0.6257
1.0000
0.9998
0.5191
0.4110
0.0000
0.7613
0.7444
0.4816
0.8822
0.0000
0.9662
1.0000
1.0000
0.0006
0.9996
1.0000
0.5938
1.0000
0.7192
0.9297
0.9438
0.0067
1.0000
0.3418
1.0000
0.2990
0.5060
0.0000
0.9599
1.0000
0.0000
0.9762
0.9265
0.9994
0.7037
0.5633
0.2827
0.0000
0.0119
0.8687
0.7112
0.0000
0.9883
0.0001
0.6138
0.3953
0.3943
0.9108
0.4558
0.0001
0.1848
0.0019
0.9689
0.8417
1.0000
0.2124
1.0000
0.7455
0.0293
0.4950
0.0428
0.7441
0.0000
0.6467
0.9269
0.8302
0.0000
1.0000
0.7730
0.6832
0.4424
0.6892
0.9994
0.7829
0.3099
0.9893
0.1681
0.9358
0.9714
0.0000
0.9709
0.0909
0.0000
0.8690
0.0701
0.8880
0.0000
0.0000
0.7317
0.5494
0.9874
0.8433
1.0000
0.7732
1.0000
0.3802
0.6755
1.0000
0.5285
1.0000
0.0000
1.0000
0.0022
1.0000
0.8889
0.6433
0.9898
0.6107
0.5329
0.4221
0.6535
0.7779
0.0276
0.0000
1.0000
0.6101
0.4921
1.0000
0.0000
0.3203
0.0499
0.3357
0.7724
0.9003
0.9996
0.4428
0.7313
0.9992
0.1995
1.0000
0.9888
1.0000
0.1585
0.0798
0.5620
1.0000
0.0000
0.0000
0.7147
0.9721
0.2829
0.5813
0.0001
0.7130
0.7744
0.4436
0.9916
0.5399
0.6794
0.8631
1.0000
0.1722
0.3040
0.0000
0.0000
0.5231
1.0000
0.7939
0.6577
0.0138
0.2595
0.0863
0.9999
0.9062
0.7959
1.0000
0.3305
0.6958
0.0433
0.5918
0.9765
0.8821
0.0000
0.7720
0.5547
1.0000
0.9667
0.3579
0.3221
1.0000
0.0986
1.0000
0.9340
0.0000
1.0000
0.1668
0.8551
0.9693
0.0000
0.6262
1.0000
0.8654
1.0000
0.2615
1.0000
0.6304
1.0000
0.0000
0.9681
0.7271
1.0000
0.8231
0.7252
0.9865
0.1329
0.4206
0.1168
0.7270
0.5156
0.6738
0.8135
0.0003
0.9509
0.3707
0.0000
0.6826
0.9809
1.0000
0.9505
0.2800
0.4993
1.0000
0.7996
0.2578
0.8872
0.5165
1.0000
0.1432
0.7121
0.4751
0.0029
0.1383
0.1076
0.8816
0.6309
0.0000
0.8602
0.9934
0.0000
0.9561
0.9939
0.6524
0.8513
0.9710
0.8167
0.9666
0.0000
0.9994
0.8335
0.5768
0.0484
0.1403
0.1276
0.0068
0.8001
1.0000
0.0000
1.0000
1.0000
0.7201
0.9127
0.0000
0.1362
0.2447
1.0000
0.9480
0.9717
0.0000
0.1388
0.1323
0.0237
0.8831
1.0000
0.8469
0.9923
0.6210
0.3073
0.3436
0.3513
0.0650
1.0000
0.9937
0.6807
0.5087
0.0000
0.6314
0.9850
0.2808
0.7723
0.4992
0.0053
0.9148
0.0355
0.0000
0.0000
0.1026
0.0000
0.6647
0.0000
0.5309
0.0000
1.0000
0.2246
0.0004
0.2148
0.6143
0.0000
1.0000
0.7012
0.7586
0.0220
1.0000
0.1063
1.0000
0.6744
0.2724
0.9366
0.7720
0.3244
1.0000
0.0000
0.9362
0.0000
0.0000
1.0000
0.3759
0.8236
0.8843
0.6757
0.9520
0.9992
1.0000
0.6700
0.0003
0.0004
0.9588
0.8762
0.8097
0.1479
1.0000
1.0000
0.4220
1.0000
0.4415
0.9790
0.0240
0.0684
0.0000
1.0000
0.9988
0.4481
0.9005
0.0000
0.0000
0.0922
0.7495
0.0000
0.6830
0.6425
0.7314
0.7008
0.9286
1.0000
0.0000
0.9768
0.9487
0.0334
1.0000
0.0513
0.6925
1.0000
0.7077
0.0000
0.7309
0.8157
0.0094
0.2795
0.6737
0.8842
0.8856
0.0020
0.0167
0.7283
0.9117
0.9079
0.9245
0.0338
0.0000
0.6934
1.0000
0.5096
0.7125
0.9876
0.0249
0.0000
0.0000
0.9136
0.0000
0.8263
1.0000
0.9995
0.7528
1.0000
1.0000
0.9993
0.2946
0.8162
1.0000
0.4003
0.4861
0.9007
1.0000
0.7929
0.8692
1.0000
0.9994
0.6789
0.7036
0.6466
0.3791
0.4172
0.1035
0.9145
1.0000
0.6863
0.6896
1.0000
0.6590
0.0920
0.7622
0.9998
1.0000
1.0000
0.6525
1.0000
0.0000
0.0000
0.9901
0.8696
1.0000
0.8855
0.6745
0.9470
1.0000
0.6838
1.0000
0.9103
0.8492
0.1041
0.0848
1.0000
0.1141
0.7966
0.8450
0.5004
0.0504
0.8806
1.0000
1.0000
0.0000
0.0006
0.0512
0.1654
0.4929
0.2784
0.0436
1.0000
0.8610
0.5193
0.8292
0.0000
0.0074
0.0000
0.8118
0.8784
1.0000
0.6884
0.5932
0.0000
0.7478
0.5502
0.0000
0.9318
0.0000
0.4553
0.1725
0.1265
0.3957
0.7085
0.0015
0.3423
0.0066
0.8189
0.9429
0.0000
0.7793
0.2507
0.0000
1.0000
0.2503
0.7453
0.2586
0.0357
0.0000
0.3446
0.8559
0.3353
1.0000
0.9010
0.0000
0.6985
0.2313
0.7781
0.8535
0.8117
0.7930
0.0000
0.9770
1.0000
0.4016
0.0275
1.0000
0.9813
0.0281
0.7782
0.9740
1.0000
1.0000
0.3886
0.9999
0.0861
1.0000
0.0981
0.4371
0.0000
0.9636
0.1828
0.8378
0.5184
1.0000
0.9807
0.9999
0.8231
0.8090
0.1647
0.4456
0.0000
0.0000
0.9812
0.1882
0.2839
0.9431
0.2791
0.0000
0.2987
0.5397
0.3588
0.9336
1.0000
1.0000
0.2838
