0.0000
0.0000
0.1589
1.0000
1.0000
0.0000
1.0000
1.0000
0.1589
1.0000
0.9901
0.1589
0.9984
0.0000
0.0043
0.0000
0.9999
0.1882
1.0000
1.0000
1.0000
0.9968
1.0000
1.0000
0.0000
1.0000
0.9993
0.0000
1.0000
0.0000
0.9945
1.0000
0.9944
0.0002
1.0000
1.0000
0.8816
0.9002
0.0072
1.0000
0.9993
0.0000
0.2015
0.0000
1.0000
0.9996
0.0000
0.0000
0.0000
0.9944
0.0000
0.9972
1.0000
0.9944
0.9999
1.0000
1.0000
0.9993
1.0000
1.0000
0.9998
1.0000
1.0000
1.0000
1.0000
0.0000
0.9996
0.9944
0.9968
0.0000
0.9993
1.0000
0.0000
0.1064
0.0000
0.0000
1.0000
0.0000
0.0005
0.9996
1.0000
0.0000
1.0000
1.0000
1.0000
0.0000
1.0000
0.9429
1.0000
0.9996
0.0000
0.0001
1.0000
0.9559
0.9997
0.9646
0.9993
1.0000
1.0000
0.0000
0.0001
1.0000
0.9982
1.0000
0.3502
0.0000
0.0000
0.9993
0.0000
0.0096
0.0000
0.0000
0.0000
0.3536
0.9808
0.0318
0.0064
1.0000
1.0000
0.0009
0.9999
1.0000
0.9944
1.0000
1.0000
1.0000
0.0000
1.0000
0.0807
0.8325
0.4591
1.0000
0.0000
1.0000
0.9865
0.9993
0.0041
0.9997
0.0000
1.0000
1.0000
0.0000
0.0000
0.0000
1.0000
0.0000
1.0000
1.0000
0.0000
1.0000
0.0001
1.0000
0.0455
0.0000
0.9999
1.0000
1.0000
0.0000
0.0000
1.0000
0.0000
0.0000
1.0000
1.0000
0.9996
1.0000
0.0000
0.0085
1.0000
0.1069
0.0000
0.9999
1.0000
0.0020
0.0000
1.0000
1.0000
0.0000
0.0000
0.9943
0.0000
0.0000
0.0000
0.9996
0.0000
1.0000
1.0000
0.0000
0.0000
0.9998
0.1141
0.9996
1.0000
1.0000
0.9996
0.9986
0.9995
0.5600
0.0000
1.0000
0.0000
0.9999
0.0015
0.9996
0.9996
0.0000
0.0000
0.1589
1.0000
0.0000
0.0000
1.0000
0.0000
0.9994
1.0000
1.0000
1.0000
1.0000
1.0000
0.2940
0.9993
0.9984
0.9724
0.0000
0.0233
0.0000
1.0000
1.0000
1.0000
1.0000
0.0000
0.0000
0.0000
0.9993
0.0514
1.0000
0.9998
1.0000
0.0000
0.9911
0.9901
1.0000
1.0000
1.0000
0.9944
0.0000
1.0000
1.0000
0.0012
0.0000
0.0000
1.0000
1.0000
0.0572
0.0000
1.0000
1.0000
1.0000
0.1355
0.1589
0.0000
1.0000
0.0000
1.0000
0.9993
0.9994
1.0000
0.9944
0.0081
0.0000
1.0000
0.0000
0.0000
0.0000
0.0000
0.0000
0.0000
1.0000
1.0000
0.0000
1.0000
0.0000
0.9212
0.0000
0.0000
0.9965
1.0000
0.9968
0.9928
0.0000
1.0000
1.0000
0.9944
1.0000
0.9990
1.0000
0.0013
0.9997
0.9996
0.9986
1.0000
0.0000
0.9944
1.0000
0.9724
0.0000
1.0000
0.0041
0.0000
0.9724
0.9999
1.0000
0.0000
0.9984
0.0000
0.9999
1.0000
0.9998
1.0000
0.0000
0.0000
0.9999
0.0001
0.0000
0.0003
0.9999
0.9980
1.0000
0.9993
1.0000
0.0000
0.9993
1.0000
0.9996
0.0007
0.0000
0.0000
1.0000
1.0000
0.0000
0.9941
1.0000
0.0000
1.0000
0.9944
0.0000
1.0000
1.0000
0.9996
0.0000
1.0000
0.9944
0.0000
1.0000
0.0526
1.0000
1.0000
0.9841
0.9996
0.0000
0.0000
1.0000
1.0000
1.0000
0.9999
1.0000
0.9993
0.1486
0.0000
1.0000
1.0000
1.0000
0.0000
0.9970
0.9993
1.0000
0.9999
1.0000
1.0000
0.9993
0.0000
0.0000
0.4591
0.9972
0.5472
1.0000
1.0000
1.0000
0.0000
0.0000
1.0000
0.0000
0.9993
0.4591
1.0000
0.0000
0.0000
1.0000
0.1305
1.0000
1.0000
1.0000
0.9998
0.0000
0.0993
1.0000
1.0000
0.0080
1.0000
1.0000
1.0000
0.9692
0.9967
0.9996
1.0000
0.0000
1.0000
0.0000
1.0000
0.9570
1.0000
0.9993
1.0000
0.0000
1.0000
0.0108
1.0000
0.9999
1.0000
0.0000
1.0000
1.0000
1.0000
1.0000
1.0000
1.0000
0.9988
1.0000
0.9999
1.0000
0.1589
1.0000
0.0000
0.4591
1.0000
1.0000
0.0545
0.9993
1.0000
1.0000
0.9944
1.0000
0.0000
0.9996
0.0000
0.0000
1.0000
0.0000
1.0000
1.0000
0.9999
1.0000
0.0005
1.0000
0.0000
0.0000
1.0000
1.0000
0.9996
0.4872
1.0000
1.0000
1.0000
0.0041
0.0000
1.0000
1.0000
0.0080
0.0000
0.0000
0.9952
0.9566
0.5095
1.0000
0.0000
1.0000
1.0000
1.0000
0.5095
1.0000
0.0000
0.0243
1.0000
1.0000
0.0001
1.0000
0.9999
0.1169
1.0000
0.9996
1.0000
0.0000
0.1734
1.0000
0.7300
0.0000
0.9979
1.0000
0.7989
0.9993
0.0001
0.9787
0.0000
0.0000
0.9980
0.0276
0.0043
1.0000
0.9944
0.0000
1.0000
0.4108
1.0000
0.0000
0.9859
1.0000
1.0000
1.0000
1.0000
0.0005
0.9999
1.0000
1.0000
0.0000
1.0000
0.9786
0.9999
1.0000
0.4591
0.9998
1.0000
0.9993
0.9970
0.0000
0.8933
1.0000
0.0000
1.0000
1.0000
0.2600
1.0000
0.0000
0.0000
0.9993
0.9999
0.9982
0.0074
0.0000
0.1516
0.0001
1.0000
0.0002
0.0000
0.0000
0.9724
1.0000
0.9566
1.0000
0.0000
0.0000
0.0000
1.0000
1.0000
1.0000
0.9979
1.0000
0.0000
0.0000
1.0000
0.0890
1.0000
1.0000
0.0848
1.0000
1.0000
0.0001
0.0338
0.2348
0.9944
0.9993
1.0000
1.0000
1.0000
0.0000
0.0036
0.9984
1.0000
1.0000
0.9992
0.0233
0.0029
1.0000
0.0003
0.0002
0.0000
0.0000
0.0000
1.0000
1.0000
1.0000
0.0000
1.0000
0.0041
1.0000
0.9999
0.0000
0.0000
0.0000
0.0000
0.0000
0.0018
1.0000
0.0044
1.0000
0.9944
0.0000
0.0000
0.0000
0.9943
0.0009
0.7989
0.0000
0.0000
0.0000
1.0000
0.2432
0.0000
1.0000
0.0000
0.9507
1.0000
1.0000
0.0007
1.0000
0.0000
1.0000
1.0000
0.0000
1.0000
1.0000
1.0000
0.0000
0.9993
0.0000
0.3163
1.0000
1.0000
0.9212
0.9993
0.0000
0.2715
1.0000
1.0000
1.0000
0.9975
0.0000
0.0000
0.9944
0.0000
1.0000
0.7989
1.0000
0.9724
0.0002
1.0000
1.0000
1.0000
0.9999
0.0000
0.9993
1.0000
0.0000
0.0009
0.0024
0.0111
0.0000
1.0000
0.0000
0.0000
0.9980
0.0000
0.9993
0.9944
1.0000
0.0000
1.0000
0.0000
1.0000
1.0000
1.0000
0.9993
1.0000
0.0000
0.9993
1.0000
0.0000
0.0000
0.4591
0.0000
0.7544
0.0000
0.9993
0.0000
0.2299
1.0000
1.0000
0.0000
1.0000
0.0000
0.0000
0.0000
0.1589
1.0000
0.9988
0.0000
0.9996
1.0000
1.0000
0.0000
0.9784
1.0000
0.0000
1.0000
1.0000
0.0313
0.0000
0.0000
0.0000
1.0000
0.0017
0.6043
1.0000
0.0000
1.0000
1.0000
1.0000
1.0000
0.0000
0.0000
0.9996
1.0000
0.0000
0.9980
1.0000
1.0000
0.5472
0.0019
1.0000
1.0000
1.0000
1.0000
0.0000
0.9757
0.0002
0.0000
0.0041
0.9996
0.4192
1.0000
1.0000
0.9993
0.9944
1.0000
1.0000
0.9993
0.9996
0.9977
0.0000
1.0000
0.0000
1.0000
1.0000
0.9921
1.0000
1.0000
0.0018
1.0000
0.0000
1.0000
1.0000
1.0000
0.0045
0.0000
0.7192
1.0000
1.0000
0.0022
0.3856
0.9953
1.0000
0.9953
1.0000
0.0195
1.0000
1.0000
0.0002
0.9993
0.9944
1.0000
0.0000
0.7989
0.2015
0.9998
1.0000
0.0000
0.9999
0.9370
0.9944
0.0000
1.0000
0.0000
1.0000
0.0000
1.0000
0.0589
0.3089
1.0000
0.0001
0.2568
1.0000
1.0000
1.0000
0.9570
0.9968
1.0000
0.9996
1.0000
1.0000
1.0000
1.0000
0.0000
0.9999
0.9999
0.0002
1.0000
0.0000
0.0000
1.0000
0.0725
0.0000
0.0000
0.0000
0.7989
0.0000
1.0000
0.9998
1.0000
0.0021
1.0000
0.9993
0.9987
1.0000
0.1665
1.0000
0.1589
1.0000
0.0113
1.0000
0.9996
1.0000
1.0000
1.0000
0.9927
0.0175
0.0008
1.0000
0.9997
0.6002
0.0000
0.7812
0.0000
0.9724
0.1762
0.0000
0.0000
0.9724
0.1589
0.0002
1.0000
0.9944
0.0000
1.0000
1.0000
1.0000
0.9786
1.0000
1.0000
1.0000
0.0000
0.8875
0.9990
1.0000
1.0000
1.0000
0.9944
0.9993
0.1394
0.0000
0.9798
1.0000
1.0000
0.9993
1.0000
1.0000
0.9996
0.9993
0.0000
1.0000
0.9944
1.0000
0.8325
1.0000
0.1602
0.9944
0.9993
0.0000
0.0000
0.0005
0.0000
0.0041
0.9987
1.0000
0.0000
0.0000
0.0000
1.0000
0.0000
1.0000
1.0000
0.9993
1.0000
0.7989
1.0000
1.0000
1.0000
1.0000
0.0000
1.0000
1.0000
0.0000
0.0000
0.0093
0.9996
0.9724
0.0000
1.0000
1.0000
0.6344
1.0000
1.0000
1.0000
0.6864
0.0035
0.0000
0.9999
0.0000
1.0000
1.0000
0.4591
0.9944
0.1008
0.0000
1.0000
1.0000
0.0000
0.0022
1.0000
1.0000
0.1589
0.0000
1.0000
1.0000
1.0000
0.0000
0.0000
0.9993
1.0000
1.0000
0.0567
0.9993
0.0000
1.0000
0.9993
0.0000
1.0000
0.0002
1.0000
0.1589
1.0000
1.0000
1.0000
0.8322
0.7989
0.0000
0.9998
0.9993
0.0000
1.0000
1.0000
1.0000
0.0000
0.9995
0.0000
0.9997
0.4591
0.2084
1.0000
1.0000
0.2364
0.9937
0.0010
0.0316
0.0000
0.0000
1.0000
1.0000
0.0000
0.9968
0.2735
0.0000
0.0000
0.9996
0.0000
0.0001
1.0000
1.0000
0.9993
0.0182
0.0000
1.0000
0.9993
1.0000
0.9996
1.0000
1.0000
0.9166
1.0000
0.0000
0.0000
1.0000
1.0000
0.0156
1.0000
0.9996
1.0000
0.0015
1.0000
1.0000
1.0000
1.0000
1.0000
1.0000
0.3803
0.9993
0.9999
0.0000
0.0000
0.9996
1.0000
0.9570
0.0000
1.0000
0.9999
0.9254
0.0000
1.0000
0.0000
0.0019
0.9944
1.0000
1.0000
0.0000
1.0000
1.0000
0.9996
0.0033
1.0000
0.4367
1.0000
1.0000
1.0000
0.0000
0.0000
1.0000
1.0000
0.9988
0.9993
0.0000
0.0105
0.9996
0.5211
0.0004
0.0000
0.0000
1.0000
1.0000
0.5737
0.9866
0.0000
0.0000
1.0000
0.0000
0.9982
0.0000
0.9362
1.0000
0.9999
1.0000
0.9988
0.9996
0.0000
0.5737
0.0023
0.0000
0.0000
1.0000
1.0000
0.0000
1.0000
0.0000
1.0000
1.0000
0.0000
1.0000
1.0000
0.0001
1.0000
1.0000
0.0000
1.0000
0.0018
1.0000
1.0000
0.0000
1.0000
0.0000
1.0000
1.0000
0.9944
1.0000
0.0000
1.0000
0.0001
0.0000
0.0000
0.9996
0.0000
0.0000
0.9976
0.0000
0.0000
1.0000
1.0000
1.0000
1.0000
1.0000
0.0002
0.0000
0.0000
0.0023
0.0000
0.0000
0.9724
0.0000
0.9993
1.0000
0.0000
1.0000
0.0000
1.0000
1.0000
1.0000
1.0000
0.9634
1.0000
0.4591
0.9980
1.0000
0.9861
1.0000
0.0000
1.0000
0.0000
0.9944
1.0000
1.0000
1.0000
1.0000
1.0000
0.0705
0.1589
1.0000
1.0000
0.9993
1.0000
0.0000
1.0000
0.0514
0.0000
0.0000
0.0002
0.1982
0.0000
0.7989
0.9975
0.0000
1.0000
1.0000
0.0000
0.9999
1.0000
1.0000
0.0000
0.0000
0.9993
0.0000
0.9996
0.9993
0.0000
1.0000
1.0000
1.0000
1.0000
0.0000
0.0000
1.0000
0.9993
0.0000
0.9988
1.0000
1.0000
0.0000
0.9996
1.0000
1.0000
0.0000
0.0000
1.0000
1.0000
0.2928
0.9972
1.0000
1.0000
0.9944
1.0000
0.7989
0.0000
0.9993
0.0000
1.0000
1.0000
0.0041
0.9566
1.0000
1.0000
0.9996
1.0000
0.0150
0.9968
1.0000
0.0000
1.0000
0.5526
0.9993
1.0000
0.0041
0.0002
1.0000
0.6876
0.9993
0.9993
1.0000
1.0000
0.9999
0.0000
0.3846
1.0000
0.0000
0.9968
0.1589
1.0000
0.4591
0.1560
1.0000
1.0000
0.0247
1.0000
0.9993
0.9570
0.0000
0.1098
0.9993
0.1589
0.0000
1.0000
0.0002
1.0000
0.0000
1.0000
0.5243
0.1589
0.9895
1.0000
0.2385
1.0000
0.9996
0.9968
0.0000
1.0000
0.2568
0.9998
0.0000
1.0000
1.0000
0.0000
1.0000
1.0000
1.0000
0.9637
0.1520
0.9999
1.0000
0.9975
1.0000
0.0000
0.9859
0.0000
1.0000
1.0000
0.9939
1.0000
0.0000
0.0000
0.9944
0.9996
0.4591
0.6033
0.0000
1.0000
0.0024
1.0000
0.0000
0.9993
0.7989
1.0000
0.9982
1.0000
0.0000
0.9996
0.9999
1.0000
0.3434
1.0000
1.0000
1.0000
0.0000
0.6860
0.9993
0.9980
1.0000
1.0000
0.7373
1.0000
1.0000
0.9944
1.0000
1.0000
0.2638
0.9944
0.0805
0.0000
0.0102
0.0000
0.0000
0.0000
1.0000
0.0000
1.0000
0.1395
1.0000
0.9999
1.0000
0.0000
1.0000
0.0000
0.0143
0.0233
1.0000
1.0000
1.0000
0.0139
1.0000
0.0000
1.0000
1.0000
0.0000
0.1918
1.0000
0.9995
1.0000
1.0000
0.0000
0.0995
0.0000
0.9993
0.0001
0.9993
1.0000
0.9999
0.0000
1.0000
1.0000
0.9934
0.9980
1.0000
1.0000
0.3163
0.9991
0.9944
0.0000
1.0000
1.0000
0.0000
1.0000
0.0000
0.9993
0.0890
1.0000
0.9950
0.9979
1.0000
0.9996
0.9991
0.0000
1.0000
1.0000
0.9944
1.0000
0.2596
1.0000
0.0000
0.9705
1.0000
1.0000
1.0000
1.0000
0.0000
1.0000
1.0000
1.0000
0.0000
0.9998
1.0000
0.0003
1.0000
1.0000
0.9724
0.9944
0.9981
0.9993
0.9570
1.0000
1.0000
0.9997
0.0000
1.0000
0.0000
0.9996
1.0000
0.9993
0.0000
0.9958
0.4591
1.0000
0.0000
0.0000
1.0000
0.0000
1.0000
1.0000
1.0000
0.9997
0.0914
0.9993
0.0000
0.0001
0.9980
0.9961
0.9980
1.0000
0.0000
1.0000
0.0085
0.0000
1.0000
1.0000
0.9999
0.9968
0.9944
1.0000
1.0000
0.0041
0.0000
0.0000
0.0000
1.0000
1.0000
1.0000
1.0000
0.0000
1.0000
0.9996
0.0000
0.0000
0.0000
1.0000
1.0000
1.0000
0.0000
0.0040
1.0000
0.9993
0.9944
1.0000
1.0000
0.0477
1.0000
0.1589
0.0000
1.0000
0.1589
0.9993
1.0000
1.0000
1.0000
0.9995
0.0000
0.9993
1.0000
1.0000
0.0000
0.0001
0.9993
1.0000
0.9993
0.0003
0.0000
0.0003
0.9944
1.0000
1.0000
1.0000
1.0000
0.4591
1.0000
0.0689
0.9993
0.0000
0.9965
1.0000
0.0001
1.0000
0.0000
0.9980
0.0001
0.7404
1.0000
0.9944
1.0000
1.0000
0.5558
0.0000
1.0000
0.9944
0.1589
0.0000
0.0000
0.0000
1.0000
0.9996
1.0000
1.0000
1.0000
0.9999
0.0000
1.0000
0.9944
0.4591
0.0000
0.1509
1.0000
0.0000
0.0000
0.0000
0.0000
0.9999
0.1589
0.0000
0.0000
0.9975
1.0000
0.0000
1.0000
1.0000
0.0000
0.0112
1.0000
1.0000
1.0000
0.0071
1.0000
0.9960
1.0000
1.0000
1.0000
1.0000
0.9993
1.0000
0.9997
0.9988
1.0000
0.9724
1.0000
1.0000
0.0075
0.9944
0.0000
1.0000
1.0000
0.9986
1.0000
0.5472
0.9212
1.0000
0.0386
0.9968
0.9979
0.2449
0.0000
1.0000
1.0000
0.0000
0.0000
1.0000
1.0000
0.9993
0.0000
0.5095
0.9996
0.9999
0.0000
1.0000
1.0000
1.0000
1.0000
0.8751
0.0006
1.0000
0.0000
1.0000
0.9996
0.0000
0.0000
0.0000
0.0000
0.0000
0.0000
1.0000
0.9999
0.0000
1.0000
0.9996
1.0000
1.0000
1.0000
0.5472
0.0000
1.0000
0.0000
0.0000
0.0427
0.9993
1.0000
1.0000
1.0000
0.0000
0.9783
1.0000
1.0000
1.0000
0.9996
0.0000
0.9998
0.2537
0.9986
0.0041
1.0000
0.9977
1.0000
0.0000
1.0000
1.0000
1.0000
1.0000
0.0000
1.0000
0.0000
0.9993
1.0000
0.9986
0.0000
0.0000
0.0000
1.0000
1.0000
1.0000
1.0000
0.7989
0.9993
1.0000
0.0003
1.0000
0.0000
0.9944
1.0000
0.9909
0.0000
0.9969
1.0000
1.0000
0.2520
1.0000
0.0000
1.0000
1.0000
0.0000
1.0000
0.8194
0.0000
0.0000
1.0000
0.0028
1.0000
0.0000
0.9944
1.0000
0.4631
0.0000
0.9968
1.0000
1.0000
0.0000
0.0000
0.1904
1.0000
1.0000
0.0000
0.0000
0.0000
1.0000
1.0000
0.1589
0.0025
1.0000
1.0000
0.0000
0.1589
1.0000
1.0000
0.9993
0.1589
1.0000
0.9990
0.0000
1.0000
0.0556
0.1589
0.9841
0.1710
1.0000
0.0000
1.0000
0.0003
1.0000
1.0000
0.9968
0.9994
1.0000
0.0000
0.9944
0.9993
0.0000
0.0000
0.0000
0.9724
1.0000
1.0000
1.0000
0.2332
0.0002
0.0015
0.6759
0.9993
0.0000
0.9970
1.0000
1.0000
1.0000
0.5488
1.0000
0.0000
0.0009
0.1589
0.0000
0.9980
0.0000
1.0000
0.9996
0.9944
0.9997
0.0000
0.9724
1.0000
0.0000
0.9996
0.9965
0.0000
1.0000
0.4570
0.0841
0.0000
1.0000
0.0000
0.9944
1.0000
0.9944
0.9993
1.0000
1.0000
1.0000
0.0000
1.0000
0.9996
0.0000
0.9618
1.0000
1.0000
0.0000
0.0000
1.0000
0.9570
0.0000
1.0000
1.0000
1.0000
0.1589
0.0000
0.9993
0.9944
1.0000
0.0212
1.0000
1.0000
0.9994
0.9993
1.0000
0.0000
0.9993
0.0010
0.0000
0.9998
1.0000
1.0000
0.0000
0.9944
0.9996
0.9993
1.0000
1.0000
0.0200
1.0000
0.9962
0.3900
0.0002
0.9924
0.0000
0.0005
1.0000
1.0000
1.0000
1.0000
0.1589
1.0000
1.0000
0.9724
1.0000
1.0000
0.0000
1.0000
0.9993
0.0000
0.9993
1.0000
0.1185
0.0000
0.0000
0.9944
0.9996
1.0000
0.0000
1.0000
0.0000
1.0000
0.0013
0.0000
1.0000
0.9996
0.9993
0.0015
0.1301
1.0000
0.4591
1.0000
0.0000
1.0000
1.0000
1.0000
1.0000
1.0000
1.0000
0.9968
0.0000
1.0000
1.0000
1.0000
0.9943
0.9944
0.0000
0.1589
0.0000
1.0000
1.0000
0.9944
0.0000
0.9944
0.0000
1.0000
0.0000
0.9999
0.9996
1.0000
1.0000
1.0000
0.9971
0.9993
0.9944
1.0000
1.0000
1.0000
1.0000
1.0000
0.0000
1.0000
1.0000
0.0000
0.0000
0.8653
0.0000
1.0000
0.0003
1.0000
1.0000
1.0000
1.0000
1.0000
1.0000
1.0000
1.0000
1.0000
0.0000
1.0000
0.0000
0.0000
0.0017
0.0000
0.9998
1.0000
1.0000
0.9996
1.0000
0.0000
1.0000
0.0000
0.0101
1.0000
0.9944
0.9494
0.1589
0.9993
0.9953
1.0000
0.7238
1.0000
0.0000
0.9993
0.9999
1.0000
0.9804
1.0000
0.9943
1.0000
0.0000
0.7135
1.0000
1.0000
0.9996
0.9993
0.2270
0.0313
0.0000
1.0000
0.9993
1.0000
0.9350
0.9944
1.0000
0.9911
1.0000
1.0000
1.0000
0.0000
1.0000
0.9996
0.2605
0.9269
0.9944
1.0000
0.0000
1.0000
0.4591
0.9993
1.0000
0.9996
0.9209
0.0000
0.3163
1.0000
0.9972
0.0000
0.9993
1.0000
0.4591
1.0000
1.0000
0.9645
1.0000
0.0000
1.0000
1.0000
0.0000
1.0000
0.9944
1.0000
0.0000
1.0000
1.0000
0.0010
0.1589
1.0000
0.0000
1.0000
1.0000
0.9993
0.0000
1.0000
0.8904
0.0000
0.0001
1.0000
0.0004
0.0000
1.0000
0.9950
1.0000
0.0000
1.0000
1.0000
1.0000
0.9999
1.0000
0.8325
0.0000
0.0000
0.0000
0.0002
1.0000
1.0000
1.0000
0.0000
0.9999
0.4796
0.9999
1.0000
1.0000
0.8325
0.0115
0.0000
1.0000
0.0212
1.0000
0.0002
0.0000
0.9944
1.0000
1.0000
0.7482
0.0833
0.0000
0.0381
0.0514
0.9976
1.0000
1.0000
0.0000
0.0000
0.0000
0.9999
1.0000
1.0000
1.0000
0.3303
0.4591
1.0000
1.0000
0.0000
0.0000
0.9993
0.5472
1.0000
1.0000
0.9999
0.9993
0.0001
1.0000
0.0002
0.9996
1.0000
0.1801
0.0000
0.9997
0.0000
1.0000
0.0000
1.0000
1.0000
1.0000
0.9066
1.0000
1.0000
0.1582
0.9886
1.0000
0.0000
0.9980
1.0000
0.9557
1.0000
0.9999
1.0000
0.9977
0.9993
1.0000
0.9998
0.9993
0.7989
0.9944
0.0048
1.0000
0.0000
0.0000
1.0000
0.0000
0.9993
0.0041
0.0000
0.9993
1.0000
0.0000
0.4591
1.0000
0.0000
0.9999
1.0000
0.0000
0.9996
0.9993
1.0000
0.0000
1.0000
0.0000
1.0000
0.0000
1.0000
0.0000
1.0000
0.9944
1.0000
0.0000
1.0000
0.0001
0.8345
0.0000
0.0000
0.9993
1.0000
0.8404
0.4591
1.0000
0.9974
1.0000
0.9996
0.0218
0.9980
1.0000
0.0313
1.0000
1.0000
0.0000
0.9996
0.0005
0.9993
1.0000
0.9977
0.0000
0.9996
1.0000
1.0000
1.0000
0.4591
1.0000
0.9993
1.0000
1.0000
1.0000
0.0000
1.0000
0.9724
0.0000
0.3634
1.0000
0.9999
1.0000
0.0144
1.0000
0.9993
1.0000
0.9993
1.0000
0.0024
0.0000
0.0000
0.0000
0.7989
1.0000
0.0000
0.9940
1.0000
0.4011
0.9993
0.9988
0.2255
1.0000
0.0000
0.0000
1.0000
1.0000
0.0455
1.0000
0.0247
1.0000
1.0000
0.1589
1.0000
0.9837
0.0001
0.5784
1.0000
0.9943
0.0000
0.0000
0.8443
0.9944
0.9999
0.0000
0.9944
1.0000
1.0000
0.0000
1.0000
1.0000
0.7662
1.0000
1.0000
0.0067
1.0000
0.9997
0.0000
1.0000
1.0000
1.0000
1.0000
0.0000
0.0003
1.0000
0.0000
1.0000
0.9994
0.0000
0.0000
0.0000
1.0000
0.9999
1.0000
1.0000
0.2568
0.9455
1.0000
0.0351
1.0000
1.0000
1.0000
1.0000
0.0000
0.2520
1.0000
0.9999
1.0000
0.9995
0.0000
0.0000
1.0000
1.0000
0.9998
0.9999
0.8082
0.0000
1.0000
1.0000
0.9996
1.0000
1.0000
1.0000
0.0000
0.0000
0.0000
1.0000
0.0018
0.0368
0.0351
1.0000
1.0000
0.0004
0.4137
1.0000
0.0000
0.0000
0.0000
0.0004
1.0000
1.0000
1.0000
1.0000
1.0000
0.0001
1.0000
0.0001
1.0000
0.8066
0.9980
1.0000
0.0000
0.1589
0.7989
1.0000
0.9993
1.0000
0.0000
0.0208
0.9993
1.0000
1.0000
0.0002
0.9996
1.0000
0.0000
0.0006
0.0000
0.0000
1.0000
0.9999
1.0000
0.0000
0.0000
0.0000
1.0000
0.0111
0.9968
1.0000
0.0000
0.0000
0.0000
1.0000
1.0000
0.9980
0.9811
1.0000
0.0000
0.1116
0.9944
0.9996
0.0000
1.0000
1.0000
1.0000
1.0000
0.0000
0.6888
1.0000
1.0000
0.2739
0.0000
1.0000
1.0000
0.0000
1.0000
0.0000
1.0000
0.9695
0.0041
0.0000
0.0000
0.8921
0.9999
1.0000
1.0000
0.9349
0.0008
1.0000
1.0000
0.0000
1.0000
0.0000
1.0000
0.0000
1.0000
1.0000
1.0000
0.9841
0.0000
1.0000
0.9993
1.0000
1.0000
1.0000
1.0000
0.0000
1.0000
1.0000
0.0000
1.0000
1.0000
0.0000
0.0041
1.0000
1.0000
0.9953
0.0000
1.0000
0.9984
1.0000
0.9993
0.9940
0.0000
1.0000
0.0000
1.0000
1.0000
0.0000
1.0000
1.0000
1.0000
0.0041
1.0000
0.9944
0.0000
1.0000
0.0000
0.0000
0.9944
0.0000
0.9996
0.7989
0.9999
1.0000
1.0000
1.0000
0.0000
0.0000
0.0000
0.0001
0.9530
1.0000
0.0000
0.0001
1.0000
1.0000
0.9996
0.0000
1.0000
1.0000
1.0000
0.0000
1.0000
0.0000
0.9944
0.0001
0.9999
0.0018
0.3163
0.0038
0.0000
1.0000
0.1589
1.0000
0.4349
1.0000
0.9944
1.0000
0.0000
1.0000
0.4591
0.0000
0.9944
0.0000
0.0000
0.9944
1.0000
0.9985
0.3835
0.0000
0.0000
0.0313
0.8031
0.0000
1.0000
0.0000
0.0000
1.0000
0.0003
0.0000
0.9993
0.0000
0.7657
0.0000
1.0000
0.0000
0.6276
1.0000
0.0000
1.0000
0.9993
0.0000
0.1589
0.0000
1.0000
0.1589
0.9988
0.9654
0.9993
1.0000
1.0000
1.0000
0.0002
1.0000
0.0000
0.9988
0.0000
1.0000
1.0000
0.7989
0.9944
1.0000
1.0000
0.0095
0.0000
0.0000
0.9996
1.0000
1.0000
1.0000
1.0000
0.6515
1.0000
1.0000
0.9993
1.0000
0.0000
1.0000
0.9817
1.0000
0.0261
0.9953
1.0000
1.0000
1.0000
0.9993
0.0000
0.0000
0.0095
1.0000
0.0030
1.0000
1.0000
0.0000
0.0000
0.0000
0.9944
0.9995
1.0000
0.0139
0.0000
1.0000
0.0000
1.0000
0.0000
0.4884
0.0000
0.0000
0.7958
0.0000
0.0041
1.0000
0.0001
0.0000
0.0000
1.0000
1.0000
1.0000
0.0095
0.0000
0.9944
0.0226
0.8893
1.0000
1.0000
1.0000
1.0000
1.0000
0.9993
1.0000
0.0000
0.9993
1.0000
0.9944
0.0000
1.0000
1.0000
0.0056
0.0000
1.0000
0.0000
1.0000
1.0000
0.0009
0.7989
0.1589
0.0000
0.5095
0.0000
0.0000
0.0002
0.9997
0.0000
1.0000
1.0000
1.0000
0.0041
0.0000
0.0000
0.6073
1.0000
1.0000
1.0000
0.0041
0.9944
0.9944
1.0000
1.0000
1.0000
0.0000
1.0000
1.0000
1.0000
1.0000
1.0000
0.5468
0.0021
0.0000
1.0000
0.9944
0.4591
1.0000
1.0000
1.0000
0.0000
0.0000
0.9993
1.0000
1.0000
0.1589
0.0000
1.0000
0.9996
0.0005
1.0000
0.0000
0.0000
1.0000
0.0000
0.7989
1.0000
0.0000
1.0000
1.0000
1.0000
1.0000
0.9999
1.0000
1.0000
0.9996
0.2265
1.0000
1.0000
0.0646
0.9993
1.0000
0.9999
1.0000
0.9066
0.9944
0.9999
0.9186
0.0000
0.0000
0.9996
0.9988
1.0000
0.9944
0.0008
0.9999
0.0037
0.0000
0.9999
0.9724
0.4591
0.9998
0.7989
1.0000
0.0983
1.0000
0.0000
1.0000
0.9976
1.0000
0.0000
1.0000
1.0000
0.0001
0.0000
1.0000
0.0000
1.0000
1.0000
0.0000
0.9944
1.0000
1.0000
0.9680
0.0000
0.0000
1.0000
0.0000
0.9999
1.0000
0.9922
1.0000
1.0000
0.0000
0.9999
0.0000
0.9944
0.0313
1.0000
1.0000
0.0002
0.0001
1.0000
1.0000
1.0000
0.0472
0.9455
1.0000
0.0000
0.0000
1.0000
0.4786
0.3375
0.0000
1.0000
0.9995
0.7989
1.0000
0.0000
0.1000
0.1589
1.0000
0.0000
0.9996
0.9066
0.9996
1.0000
1.0000
0.9999
0.0000
1.0000
0.9944
0.0036
0.0310
1.0000
1.0000
0.0000
0.0000
0.0000
1.0000
0.9383
0.0000
1.0000
0.9944
0.9993
0.0000
0.9990
1.0000
0.0000
0.6336
0.0068
0.0000
0.0000
0.9999
0.4591
1.0000
0.0141
1.0000
0.9965
1.0000
0.9944
0.9993
1.0000
0.9993
0.3410
0.5791
1.0000
1.0000
0.0000
0.9944
0.9944
0.9944
0.9996
1.0000
1.0000
1.0000
1.0000
0.9993
0.9944
1.0000
1.0000
0.8484
0.0000
0.0031
1.0000
0.9724
0.9953
0.9970
1.0000
0.0000
0.0000
0.0000
0.9999
1.0000
0.0000
0.0000
0.9999
0.7135
0.0000
1.0000
0.0001
0.0130
0.0000
0.0018
0.8059
0.0646
0.9993
1.0000
0.0000
1.0000
1.0000
0.1445
0.0000
1.0000
0.4591
0.0000
0.9993
0.0061
0.9988
0.0000
0.7112
1.0000
0.6710
1.0000
0.0000
0.9724
0.7989
0.0001
0.0000
1.0000
1.0000
1.0000
0.9411
1.0000
0.0095
0.9692
0.2330
0.5472
0.9993
1.0000
0.1589
0.0000
0.0307
0.2642
0.3882
0.9993
0.0000
1.0000
0.0000
1.0000
1.0000
0.7989
0.9996
1.0000
1.0000
1.0000
1.0000
1.0000
0.0000
1.0000
0.0000
0.0010
1.0000
1.0000
0.4379
0.0000
0.9868
1.0000
0.0000
1.0000
1.0000
0.0001
0.9944
0.9948
1.0000
1.0000
1.0000
1.0000
0.9981
0.0016
0.5615
0.0031
0.9997
0.0000
0.0000
1.0000
0.0211
0.0095
1.0000
0.0000
1.0000
1.0000
0.0000
0.0000
0.0037
0.9568
0.2084
1.0000
0.9998
1.0000
1.0000
1.0000
1.0000
0.0000
0.0094
0.9911
0.0000
1.0000
1.0000
0.9993
0.0000
0.0000
0.9944
1.0000
1.0000
0.0000
0.0000
0.0000
0.9999
1.0000
1.0000
0.9066
1.0000
0.9998
0.9952
1.0000
1.0000
1.0000
0.0000
1.0000
0.0000
0.0000
0.9944
0.9999
0.0010
0.9393
0.1797
0.0000
0.9999
0.0000
0.0000
1.0000
0.0000
1.0000
1.0000
0.0000
0.9996
1.0000
0.9993
0.9944
0.9993
1.0000
0.1589
0.9980
0.2568
0.0000
1.0000
0.0042
0.9993
1.0000
0.0351
0.9999
0.8090
1.0000
0.0000
0.0315
0.4591
0.0000
1.0000
1.0000
1.0000
0.0000
0.9944
1.0000
1.0000
1.0000
0.0002
0.3429
1.0000
1.0000
0.9993
0.0000
1.0000
0.0000
0.7135
0.0000
0.0000
1.0000
1.0000
1.0000
0.1589
1.0000
0.0000
1.0000
1.0000
0.9986
1.0000
1.0000
0.0000
0.0000
0.0009
1.0000
0.0000
0.0001
1.0000
0.1589
0.0000
0.0213
0.9944
1.0000
1.0000
0.0000
0.6367
0.0000
1.0000
0.4591
0.0005
0.9996
1.0000
1.0000
1.0000
1.0000
0.8836
0.9944
1.0000
1.0000
0.0000
1.0000
1.0000
1.0000
0.0002
0.0000
1.0000
0.0000
0.0215
0.0563
0.9944
0.0000
1.0000
1.0000
0.0000
0.9979
0.9967
0.0000
0.0000
0.0000
0.7989
1.0000
1.0000
0.9443
1.0000
1.0000
1.0000
0.9999
0.0000
0.0000
1.0000
0.0036
0.0018
0.0000
0.9980
1.0000
0.0004
0.9993
1.0000
0.6636
1.0000
0.9996
1.0000
1.0000
1.0000
0.2449
1.0000
1.0000
0.9980
0.4591
1.0000
1.0000
0.0000
0.9806
0.0000
1.0000
0.0000
0.7989
0.0000
1.0000
0.9996
1.0000
0.0000
0.0000
1.0000
0.0000
0.0036
1.0000
0.3260
0.7573
1.0000
0.0000
1.0000
1.0000
0.0000
0.9763
1.0000
0.0000
1.0000
1.0000
0.0000
0.0000
0.9996
1.0000
0.0000
0.9996
1.0000
1.0000
1.0000
0.0000
1.0000
0.0000
1.0000
1.0000
1.0000
1.0000
0.9712
0.0000
0.0012
0.9993
1.0000
0.9956
0.0000
1.0000
0.0001
0.0001
0.0001
1.0000
1.0000
0.0000
0.0000
1.0000
1.0000
1.0000
0.1450
1.0000
0.0002
0.0000
0.9999
1.0000
0.4347
0.9953
0.9999
1.0000
0.9944
0.9984
1.0000
0.0000
1.0000
1.0000
1.0000
0.5095
0.9999
0.7989
0.0000
1.0000
0.0000
1.0000
0.0000
0.9984
1.0000
1.0000
1.0000
1.0000
0.0000
1.0000
1.0000
0.9618
0.0000
0.0001
1.0000
0.4611
1.0000
0.0346
0.0001
1.0000
1.0000
0.9943
0.0000
1.0000
0.9993
1.0000
0.0000
0.0000
1.0000
0.0000
0.0000
0.0111
0.6759
1.0000
0.9993
0.9999
0.0041
0.9999
1.0000
1.0000
0.0000
1.0000
0.0000
0.9882
0.9944
0.9980
0.9970
0.0141
0.5426
1.0000
0.4591
0.0000
1.0000
1.0000
1.0000
0.8681
0.0000
0.9952
0.0000
0.0003
1.0000
1.0000
1.0000
0.0000
0.9993
0.9392
1.0000
0.9944
0.0000
1.0000
1.0000
0.8470
1.0000
0.0000
0.0000
0.0000
0.9990
0.0000
1.0000
0.9944
0.9996
0.9997
0.5472
0.9995
0.0000
0.8875
0.0000
0.0002
0.9997
0.9999
1.0000
0.9996
0.9999
0.0000
0.0002
1.0000
0.0099
1.0000
0.9944
1.0000
1.0000
1.0000
0.0000
1.0000
0.0002
0.0000
1.0000
0.0000
1.0000
1.0000
1.0000
0.0000
0.9944
0.0003
0.0115
1.0000
0.0000
1.0000
1.0000
0.6562
0.9996
0.0024
1.0000
0.9999
0.0000
0.0000
1.0000
0.0000
0.9993
0.9997
0.0000
0.4591
1.0000
1.0000
0.9993
1.0000
1.0000
0.9996
1.0000
0.9996
1.0000
1.0000
1.0000
0.0000
1.0000
0.9985
0.7989
0.0514
0.0001
0.0000
0.0041
1.0000
0.9995
0.9993
0.3043
0.9920
1.0000
1.0000
0.0000
0.4591
0.9944
0.9996
0.0000
0.9989
1.0000
1.0000
1.0000
0.0000
1.0000
0.9569
0.0000
0.9993
0.1589
1.0000
0.9944
0.2433
0.7544
0.0066
0.0000
0.9605
1.0000
1.0000
0.0000
0.9996
0.0000
0.0000
0.0000
1.0000
0.9977
0.9976
0.0000
0.0000
0.0000
0.0000
0.0000
1.0000
1.0000
0.9937
0.9993
1.0000
1.0000
0.0000
0.0000
0.0000
1.0000
0.0039
1.0000
0.1589
1.0000
1.0000
1.0000
0.0000
1.0000
1.0000
0.0000
0.8828
1.0000
0.0000
1.0000
0.0000
1.0000
0.9997
0.0000
1.0000
0.0000
0.4457
1.0000
1.0000
0.0000
0.0000
1.0000
0.0025
0.0000
0.9996
1.0000
0.0111
0.9960
1.0000
0.0000
0.9937
0.0000
0.0000
0.0111
0.0001
0.9993
0.0000
1.0000
1.0000
1.0000
0.0003
1.0000
0.0127
1.0000
0.0000
1.0000
0.0000
0.7482
1.0000
0.0000
1.0000
0.1079
0.0000
0.0207
1.0000
0.0000
0.9999
0.0000
1.0000
0.0000
1.0000
0.9736
0.9993
1.0000
0.0000
0.0000
0.0000
0.9993
0.5095
0.9993
0.9944
1.0000
0.9999
0.0000
0.9997
0.0000
1.0000
1.0000
0.9996
0.0000
0.7892
1.0000
1.0000
0.9998
0.0000
1.0000
0.0000
0.9944
1.0000
1.0000
0.0000
1.0000
0.0160
1.0000
0.9776
1.0000
1.0000
1.0000
0.4893
0.0000
1.0000
0.0000
1.0000
0.6628
0.0247
0.0000
0.0000
0.0002
1.0000
1.0000
0.0000
1.0000
0.0000
1.0000
0.9045
0.0000
1.0000
1.0000
0.0000
0.0000
1.0000
1.0000
0.0000
1.0000
1.0000
0.3252
0.0025
0.5095
1.0000
0.0000
1.0000
0.0000
1.0000
0.0000
1.0000
1.0000
1.0000
0.0000
0.0000
1.0000
0.1305
0.0000
1.0000
0.9996
0.0000
0.1302
0.9570
0.9999
1.0000
0.1589
1.0000
0.0000
0.0000
0.0000
0.9988
0.0000
0.0000
1.0000
0.0000
1.0000
0.0000
1.0000
0.9949
1.0000
0.0101
1.0000
0.0090
0.0000
1.0000
0.0000
1.0000
1.0000
0.0000
0.1589
0.9616
1.0000
1.0000
1.0000
0.7366
0.0000
1.0000
0.0010
0.9695
1.0000
0.0000
0.0000
1.0000
1.0000
0.0000
1.0000
0.0000
0.0000
0.9999
1.0000
0.9945
0.9833
0.9997
1.0000
1.0000
0.9993
0.9997
0.0000
1.0000
1.0000
0.6099
1.0000
1.0000
1.0000
0.9979
0.9978
0.0000
0.0001
0.0000
1.0000
0.0004
1.0000
1.0000
1.0000
1.0000
0.9998
1.0000
0.0195
0.0000
1.0000
0.0000
0.9975
0.9993
1.0000
0.9999
0.0000
0.0000
0.9786
1.0000
1.0000
1.0000
1.0000
0.9748
1.0000
1.0000
1.0000
1.0000
0.0000
0.9993
0.0215
1.0000
0.9944
0.0000
0.0089
0.9651
1.0000
1.0000
0.0000
1.0000
0.0000
0.9490
1.0000
1.0000
0.9944
0.9944
0.0000
1.0000
0.0000
0.9998
0.0000
0.0000
1.0000
0.0000
1.0000
0.0000
1.0000
0.0156
0.0000
0.9953
0.0000
1.0000
0.9944
0.9996
0.9993
1.0000
1.0000
0.7989
0.4591
1.0000
0.1543
0.0000
0.1523
0.9999
0.0002
1.0000
1.0000
1.0000
1.0000
0.0025
0.9961
1.0000
0.9572
0.9997
1.0000
1.0000
0.9988
1.0000
1.0000
0.9968
1.0000
0.0244
1.0000
1.0000
0.0000
0.0000
1.0000
1.0000
1.0000
1.0000
1.0000
0.0000
0.0000
0.0000
0.9996
1.0000
0.0012
0.9996
0.0002
1.0000
1.0000
0.0000
0.0138
0.0017
0.9997
1.0000
0.9980
0.9977
0.1589
1.0000
0.0000
1.0000
1.0000
0.9996
1.0000
1.0000
0.8090
0.0000
0.8481
1.0000
1.0000
0.0002
1.0000
1.0000
0.0000
0.0000
0.5472
0.0000
1.0000
1.0000
0.0001
0.0000
0.9996
0.8931
0.5657
0.2449
0.0000
0.7989
0.0000
1.0000
0.4622
1.0000
0.9977
0.3163
0.9186
0.0000
1.0000
1.0000
0.4591
0.9051
1.0000
0.9993
1.0000
0.6573
0.9998
0.9993
1.0000
1.0000
1.0000
1.0000
1.0000
1.0000
1.0000
1.0000
0.0002
0.0000
0.9999
0.0000
0.0002
1.0000
0.9999
0.0000
0.1589
0.9861
1.0000
1.0000
1.0000
1.0000
1.0000
0.9993
0.9944
0.9944
1.0000
0.1429
1.0000
0.0000
0.9993
0.4768
0.0000
0.0000
1.0000
0.0000
0.0000
0.9944
0.0000
0.0000
0.9530
0.0000
1.0000
1.0000
0.0000
1.0000
1.0000
1.0000
1.0000
1.0000
0.9030
0.9999
1.0000
0.0000
0.0000
1.0000
0.0313
0.4437
0.0000
0.0000
1.0000
0.0000
1.0000
1.0000
1.0000
1.0000
1.0000
1.0000
0.0000
0.9993
1.0000
0.7989
0.0000
0.9731
0.9993
1.0000
1.0000
1.0000
0.9797
0.9944
0.0000
0.0829
0.9957
1.0000
0.7333
1.0000
0.0000
0.0001
0.0371
1.0000
0.0002
1.0000
1.0000
1.0000
1.0000
1.0000
0.0002
0.0000
0.0000
1.0000
0.9999
0.0000
0.9980
0.9996
1.0000
1.0000
1.0000
0.0000
1.0000
1.0000
0.0000
0.0006
1.0000
0.9995
1.0000
1.0000
1.0000
0.9999
1.0000
1.0000
0.9944
0.0000
1.0000
0.0000
0.7482
1.0000
1.0000
1.0000
0.0847
1.0000
0.0427
1.0000
0.0025
1.0000
0.0005
0.0000
1.0000
0.0002
0.0000
1.0000
0.9996
0.0000
0.0000
1.0000
1.0000
0.9944
0.0000
0.9999
0.1692
1.0000
1.0000
0.0000
0.0041
0.9993
1.0000
1.0000
1.0000
0.9992
0.9952
0.9996
0.9979
0.7989
1.0000
1.0000
0.9993
0.9995
0.0011
0.0000
0.9873
0.0001
0.0000
0.0000
1.0000
1.0000
0.0313
1.0000
0.9993
0.9618
0.9835
1.0000
1.0000
1.0000
1.0000
1.0000
0.0000
1.0000
0.0044
1.0000
1.0000
0.0000
0.0001
0.0000
1.0000
1.0000
0.6331
0.7989
0.0000
1.0000
1.0000
1.0000
0.0000
0.9944
0.0027
0.0000
0.9995
0.0000
0.9268
0.2825
0.9993
0.9997
0.0009
0.0000
0.0101
0.9993
1.0000
1.0000
1.0000
0.0000
0.9908
0.9979
0.9997
1.0000
0.9996
1.0000
0.0000
0.7989
1.0000
1.0000
0.0548
0.0111
0.9996
0.9869
1.0000
1.0000
0.9944
1.0000
0.0000
1.0000
1.0000
0.9944
0.0002
1.0000
0.0018
1.0000
0.9944
1.0000
1.0000
0.9944
1.0000
0.0000
0.9944
1.0000
0.9051
0.1589
1.0000
1.0000
0.0000
0.0000
1.0000
0.8924
1.0000
0.7921
1.0000
0.9944
1.0000
0.9839
0.0000
0.0447
0.0000
1.0000
0.0001
0.9995
0.9909
0.0000
0.0000
1.0000
0.9997
1.0000
1.0000
0.0000
1.0000
0.0000
1.0000
0.0003
1.0000
1.0000
1.0000
1.0000
0.0000
1.0000
1.0000
1.0000
0.0000
1.0000
1.0000
0.0000
0.0139
0.0090
0.0000
1.0000
0.8752
0.0000
0.9944
1.0000
0.0000
0.9944
0.0000
0.0002
0.9944
0.0001
1.0000
0.0000
1.0000
0.0001
0.0000
1.0000
0.9026
0.0000
0.1589
0.6759
1.0000
0.0000
1.0000
0.0000
1.0000
0.0000
1.0000
1.0000
1.0000
1.0000
0.0000
0.9944
0.9996
1.0000
0.9944
0.1589
0.9944
1.0000
0.0000
1.0000
0.0000
0.0000
0.0117
0.9944
0.0000
0.9982
0.0000
0.0439
1.0000
0.0000
1.0000
0.9998
1.0000
0.0000
0.3163
0.0000
1.0000
0.0000
1.0000
1.0000
1.0000
0.0000
0.0748
0.9993
0.6610
1.0000
0.0000
1.0000
1.0000
1.0000
0.0000
0.9783
1.0000
1.0000
0.4591
0.0000
0.9786
1.0000
0.9944
0.0000
0.0000
1.0000
1.0000
0.0000
1.0000
1.0000
0.9997
0.0000
1.0000
1.0000
0.9944
0.9996
1.0000
0.0000
0.0029
0.0000
1.0000
0.9998
0.0193
0.0233
1.0000
0.9998
0.9993
0.0439
0.9996
0.0000
1.0000
0.9999
0.2687
0.9988
1.0000
0.9981
0.9993
0.0012
1.0000
0.9993
0.9996
0.0000
0.9999
0.0247
0.0169
0.0000
0.0000
0.0001
1.0000
1.0000
0.0000
0.9999
0.7605
1.0000
1.0000
0.0000
1.0000
0.0000
1.0000
1.0000
1.0000
1.0000
0.3163
0.0000
0.0514
1.0000
0.9953
0.0000
1.0000
0.0000
0.0000
1.0000
0.0094
0.0000
0.0002
0.9996
0.9181
1.0000
0.0000
1.0000
0.9988
0.9944
1.0000
0.0118
0.0514
0.8804
0.8828
1.0000
0.7989
0.0000
0.9944
0.0000
0.9944
0.9980
1.0000
1.0000
1.0000
1.0000
0.0000
1.0000
1.0000
1.0000
0.9999
0.6974
1.0000
0.9931
0.0698
0.0000
0.9992
1.0000
0.1589
0.0000
1.0000
1.0000
1.0000
0.0000
0.4591
1.0000
1.0000
1.0000
0.0001
1.0000
0.0002
0.4591
0.6336
1.0000
0.0000
0.1589
0.0003
0.9692
0.0000
1.0000
1.0000
0.0000
1.0000
0.9944
0.8681
0.0000
1.0000
0.0000
1.0000
0.9944
0.0000
1.0000
1.0000
0.0003
0.0000
0.0000
1.0000
0.0000
0.9999
0.0000
0.7989
1.0000
1.0000
0.0017
0.0000
0.0000
1.0000
1.0000
1.0000
0.9999
0.9968
1.0000
0.9944
0.0481
0.0000
0.0146
1.0000
0.9968
1.0000
1.0000
0.7989
0.5095
0.1211
0.0000
0.9996
0.9957
0.4591
0.9993
1.0000
1.0000
1.0000
0.0001
0.9999
0.9988
0.0041
1.0000
0.0041
1.0000
0.6117
0.0000
1.0000
1.0000
0.0000
0.0828
1.0000
0.9993
1.0000
0.0002
0.0039
0.9911
0.0000
0.9996
1.0000
1.0000
0.9999
0.0000
0.0000
0.6191
0.0000
0.9776
0.9993
0.9999
1.0000
1.0000
1.0000
1.0000
0.9859
1.0000
1.0000
0.0018
0.0034
0.0009
1.0000
1.0000
0.0000
0.0000
0.9271
0.0000
0.0000
0.0812
1.0000
0.9383
1.0000
0.0000
0.9993
1.0000
1.0000
0.9996
0.9996
0.9993
0.0000
0.0000
0.0000
0.0000
0.9633
0.0000
1.0000
0.0041
0.0038
0.9993
0.6043
1.0000
1.0000
0.2350
0.0000
0.4112
0.9997
1.0000
1.0000
0.0041
1.0000
0.9944
1.0000
1.0000
0.0000
0.9993
0.3458
0.0000
0.0000
1.0000
0.0001
0.7989
0.9999
0.9989
0.0000
1.0000
1.0000
0.0002
1.0000
1.0000
1.0000
0.0283
0.0000
1.0000
0.0000
0.0000
0.9999
0.0000
0.9999
0.0002
0.7989
0.1589
0.0000
1.0000
0.0000
1.0000
0.9944
0.0024
1.0000
1.0000
0.9944
0.0000
0.9944
1.0000
0.0237
1.0000
1.0000
0.0000
0.0011
1.0000
0.9993
1.0000
0.0201
1.0000
1.0000
1.0000
0.0005
1.0000
0.9570
0.9993
1.0000
0.9996
0.0000
0.0000
1.0000
0.9996
1.0000
1.0000
0.0000
0.0000
1.0000
1.0000
0.0000
1.0000
0.3163
0.0041
0.0000
0.0316
1.0000
0.2372
0.0000
1.0000
1.0000
0.3438
1.0000
0.7113
1.0000
0.9993
0.9944
1.0000
0.0000
0.0006
1.0000
1.0000
0.9944
1.0000
0.0000
0.9962
0.0000
0.0000
0.9944
1.0000
0.9616
0.0019
0.9996
0.9980
0.9993
0.9993
0.0000
1.0000
1.0000
0.9997
0.1589
0.0036
0.0000
0.0247
0.9993
0.0010
0.0000
1.0000
1.0000
0.0000
0.5095
1.0000
0.9993
0.9996
1.0000
1.0000
1.0000
0.0000
1.0000
0.0000
0.6479
0.9940
0.0000
1.0000
1.0000
0.9996
0.2568
0.9994
1.0000
1.0000
1.0000
1.0000
0.0000
0.9212
0.0000
1.0000
0.9973
0.9968
0.0000
0.0000
1.0000
1.0000
0.7989
1.0000
0.2255
1.0000
0.0000
0.0000
1.0000
1.0000
1.0000
0.8014
0.1355
0.9993
1.0000
1.0000
1.0000
1.0000
0.0000
1.0000
1.0000
1.0000
1.0000
1.0000
0.0000
1.0000
1.0000
0.0000
1.0000
0.0000
1.0000
1.0000
0.0557
0.9993
0.9999
0.9944
1.0000
1.0000
0.9993
0.0000
1.0000
0.0000
0.0013
1.0000
1.0000
0.9944
1.0000
0.0000
1.0000
1.0000
0.9984
0.9999
0.0000
0.0036
1.0000
0.0833
1.0000
0.9984
0.0000
0.9736
1.0000
1.0000
0.9441
0.9944
0.9944
1.0000
0.7135
1.0000
0.0000
0.9965
0.0000
1.0000
0.0000
0.9999
0.9953
0.8983
1.0000
0.0000
1.0000
0.0000
1.0000
1.0000
0.0004
1.0000
0.0000
0.9999
1.0000
0.0000
1.0000
1.0000
0.0000
0.0000
1.0000
0.0000
0.3429
1.0000
0.0041
1.0000
0.0021
1.0000
1.0000
0.0000
1.0000
0.0000
1.0000
0.9724
1.0000
1.0000
0.9993
1.0000
0.0001
1.0000
0.0138
1.0000
0.0000
0.0000
0.9944
1.0000
1.0000
1.0000
0.0000
1.0000
1.0000
1.0000
0.9965
0.0066
0.0605
0.8090
1.0000
0.0153
1.0000
1.0000
0.0037
0.9944
1.0000
1.0000
0.0000
0.0000
1.0000
1.0000
1.0000
0.0215
0.9892
0.0005
0.9993
1.0000
0.0002
1.0000
1.0000
1.0000
0.0000
0.0000
0.0932
0.9993
0.9994
1.0000
1.0000
1.0000
0.9996
1.0000
1.0000
1.0000
0.0000
0.7135
0.9992
1.0000
0.9999
1.0000
0.0000
1.0000
0.0001
0.9980
0.0000
0.0002
1.0000
0.1589
0.0000
0.9999
1.0000
0.0239
1.0000
1.0000
0.0000
0.0001
0.9999
1.0000
1.0000
0.0000
0.9968
1.0000
1.0000
0.0000
0.0004
0.7508
0.9993
1.0000
0.0000
1.0000
0.2826
0.0000
0.2922
1.0000
0.0000
0.0586
0.0000
0.9999
1.0000
0.9944
1.0000
0.0000
1.0000
1.0000
0.9999
0.0000
0.1589
1.0000
0.9996
0.9988
1.0000
0.9875
1.0000
1.0000
0.0000
0.0000
0.9993
0.9859
0.0000
0.0000
0.9958
0.9995
1.0000
0.9999
0.9944
1.0000
1.0000
0.9953
1.0000
0.9910
0.0157
0.0000
0.0000
0.7866
0.0103
1.0000
0.9999
0.0247
1.0000
1.0000
0.0000
1.0000
0.9996
0.0000
0.0000
0.0313
0.0000
0.9974
0.0000
0.0000
1.0000
1.0000
0.0000
0.0000
1.0000
1.0000
1.0000
0.0327
0.0000
1.0000
0.9694
1.0000
0.0000
1.0000
1.0000
0.9993
1.0000
0.0000
0.0000
1.0000
0.0041
1.0000
0.0001
1.0000
0.0000
0.9944
0.1865
0.9570
0.0000
0.9751
0.0000
1.0000
1.0000
1.0000
1.0000
1.0000
0.8714
1.0000
1.0000
1.0000
1.0000
1.0000
1.0000
1.0000
1.0000
1.0000
0.0008
1.0000
1.0000
0.0000
1.0000
1.0000
0.0000
0.0000
0.0000
0.9944
0.2520
1.0000
0.9911
0.7989
1.0000
1.0000
1.0000
0.9944
0.4081
0.9999
0.9999
1.0000
0.9999
0.9931
0.9944
0.0000
1.0000
0.0026
0.0000
0.0000
1.0000
0.7989
1.0000
0.0000
1.0000
0.9816
1.0000
1.0000
0.0018
0.9609
0.9993
0.9999
1.0000
1.0000
1.0000
1.0000
0.4119
1.0000
0.0000
0.9993
1.0000
1.0000
0.0002
0.0000
1.0000
0.7989
0.9993
1.0000
0.4591
0.0000
1.0000
0.0000
0.9973
0.9724
0.0002
0.9944
0.9944
0.0002
0.0000
0.0000
1.0000
0.9994
1.0000
1.0000
0.9996
1.0000
0.0660
0.9997
0.4591
0.0000
0.0008
0.9993
1.0000
0.0000
0.0000
1.0000
0.0000
0.9994
1.0000
0.9991
1.0000
0.0076
0.9350
1.0000
1.0000
0.5207
1.0000
0.9938
1.0000
0.1388
0.0000
0.0000
0.9995
0.9919
1.0000
0.9999
0.9806
1.0000
0.0000
0.1589
1.0000
0.9992
0.0000
0.9707
0.4457
0.0000
0.0000
0.2115
1.0000
1.0000
0.0000
1.0000
1.0000
1.0000
1.0000
1.0000
1.0000
0.4591
1.0000
1.0000
0.9993
1.0000
0.0514
1.0000
1.0000
0.0000
0.0000
0.0003
0.0003
0.9944
1.0000
0.0000
1.0000
1.0000
0.9993
1.0000
1.0000
0.0000
1.0000
0.9952
0.0000
0.0261
1.0000
1.0000
1.0000
0.0000
0.0000
0.9692
0.0000
1.0000
1.0000
1.0000
0.0066
1.0000
0.1589
1.0000
1.0000
0.0000
0.9996
0.4591
1.0000
0.0003
0.0000
1.0000
1.0000
1.0000
1.0000
0.0000
1.0000
0.9996
0.9993
0.7989
0.0014
0.0007
0.9886
0.0000
0.0000
1.0000
1.0000
0.9944
1.0000
0.9993
0.4591
0.9963
0.9988
0.0002
0.1589
0.0000
1.0000
1.0000
0.4591
1.0000
1.0000
0.9944
0.9944
0.0025
0.4106
1.0000
1.0000
0.9996
0.0000
0.0000
0.0050
1.0000
0.9944
1.0000
0.0000
0.0000
1.0000
0.9984
0.0000
1.0000
0.9993
0.9949
0.0000
0.9678
0.0002
0.0000
0.0000
0.0000
0.9970
0.0000
0.2270
1.0000
0.0000
1.0000
1.0000
1.0000
0.0000
0.4591
0.0001
1.0000
0.0000
0.0000
1.0000
0.0111
0.0000
0.1589
0.0000
1.0000
1.0000
0.0000
0.0000
1.0000
0.0047
0.9993
1.0000
0.0000
0.0000
0.9996
0.0015
1.0000
0.0000
1.0000
1.0000
1.0000
1.0000
0.0002
1.0000
0.0000
1.0000
1.0000
0.9944
0.9944
0.0000
0.7989
0.0009
0.2750
0.9999
0.5094
0.0000
0.1891
0.0000
1.0000
1.0000
0.0000
0.0066
0.0148
1.0000
1.0000
1.0000
0.0001
1.0000
0.0019
0.9993
0.9992
1.0000
1.0000
0.9993
0.0000
0.9993
0.0000
0.0042
1.0000
0.0024
0.0000
0.0000
0.1589
0.9300
0.9980
1.0000
0.0000
0.9949
1.0000
0.9975
0.0000
0.0000
0.0006
0.0000
1.0000
0.9944
0.0313
0.0226
1.0000
1.0000
0.9982
1.0000
1.0000
0.9997
0.9993
1.0000
0.9999
0.9904
0.0000
1.0000
1.0000
1.0000
0.0000
0.0631
1.0000
0.0000
1.0000
0.0000
0.9980
0.0000
0.0000
1.0000
0.0000
0.0000
0.0351
0.0510
0.9988
1.0000
1.0000
0.0000
0.9840
0.0000
0.0022
0.1085
0.0000
0.9985
1.0000
0.0000
0.4829
1.0000
0.0000
0.0000
0.0000
0.0000
0.0000
1.0000
1.0000
0.0000
1.0000
0.9944
0.9963
0.0000
0.9976
0.0050
0.9988
0.9298
1.0000
0.1589
0.0000
0.9575
1.0000
1.0000
1.0000
0.0000
1.0000
0.9965
0.0000
1.0000
1.0000
0.9996
0.0000
0.9997
0.9954
0.0000
0.0000
1.0000
1.0000
0.4591
0.0000
0.1589
1.0000
0.9996
0.5836
1.0000
0.5295
0.9996
1.0000
0.0000
1.0000
0.9996
1.0000
1.0000
0.9993
1.0000
0.0000
0.9944
0.0000
1.0000
1.0000
1.0000
1.0000
1.0000
1.0000
1.0000
0.0024
0.9988
0.0062
0.0000
1.0000
0.0000
0.0056
0.0000
0.0000
0.0000
0.9988
0.9996
0.0711
0.1266
0.1318
0.0000
0.0000
0.2568
1.0000
0.9993
0.0000
1.0000
1.0000
1.0000
0.0000
0.4591
1.0000
1.0000
1.0000
0.0000
1.0000
1.0000
1.0000
0.0000
0.9968
0.8150
0.3831
1.0000
1.0000
1.0000
1.0000
1.0000
0.0000
0.0000
0.0000
1.0000
1.0000
0.9993
0.0000
0.0023
0.0000
1.0000
1.0000
1.0000
0.4591
0.0000
0.9965
1.0000
0.0514
0.9999
0.9518
0.0023
0.9986
1.0000
0.0000
1.0000
1.0000
1.0000
0.0000
1.0000
0.0000
0.0000
0.9944
1.0000
1.0000
0.1589
0.9943
0.0000
0.9873
1.0000
1.0000
0.0000
1.0000
1.0000
0.0000
1.0000
0.0000
1.0000
0.9996
0.9352
0.0000
0.0003
1.0000
0.0041
1.0000
1.0000
0.9984
1.0000
0.7570
0.0000
1.0000
0.7989
1.0000
1.0000
0.9998
0.9993
0.9251
0.4591
1.0000
1.0000
0.4591
1.0000
0.9993
1.0000
0.0002
0.0000
1.0000
0.0061
0.0000
0.0000
0.0233
0.5880
1.0000
0.9963
0.9996
0.9996
0.7946
0.0079
0.0000
0.9994
0.7693
0.0066
0.0000
0.0000
0.9993
0.0000
1.0000
0.0000
0.0000
0.0313
1.0000
1.0000
1.0000
0.9993
1.0000
0.9999
0.9996
1.0000
0.0000
1.0000
1.0000
0.8203
1.0000
0.0455
1.0000
1.0000
0.0000
0.0003
0.4591
1.0000
0.0000
1.0000
0.9849
0.0000
0.0002
1.0000
0.0000
0.9618
1.0000
1.0000
0.9996
0.9999
1.0000
1.0000
1.0000
0.0001
0.9441
0.9880
0.0000
0.0053
1.0000
1.0000
1.0000
0.0000
0.0000
0.0066
1.0000
0.9494
1.0000
0.0010
0.9980
1.0000
0.9999
0.9999
0.9999
0.0021
0.9944
0.9880
1.0000
0.0000
0.1589
1.0000
0.0095
1.0000
0.9724
0.0000
1.0000
1.0000
1.0000
0.0000
0.0024
1.0000
1.0000
1.0000
1.0000
0.0000
0.9859
0.0001
1.0000
0.9988
0.1149
0.0000
0.0000
1.0000
0.9999
1.0000
1.0000
1.0000
0.9993
0.0005
1.0000
0.9968
1.0000
0.0000
0.0000
0.9996
0.0000
1.0000
0.9999
1.0000
0.9911
0.4591
1.0000
0.9724
1.0000
1.0000
1.0000
0.9993
1.0000
0.0000
0.9998
1.0000
0.0000
0.9944
0.9618
0.0000
0.0000
0.0000
0.9993
0.0000
0.9886
1.0000
1.0000
0.9993
1.0000
0.0000
0.9993
1.0000
0.9917
0.9389
1.0000
1.0000
0.1589
1.0000
1.0000
0.9993
0.0000
1.0000
0.0195
0.0010
1.0000
0.0093
0.0000
1.0000
0.0000
0.0000
0.0003
0.0101
1.0000
0.0000
0.9452
1.0000
0.0002
1.0000
1.0000
1.0000
0.0000
1.0000
0.0009
1.0000
0.9993
1.0000
0.4457
0.9975
0.0000
1.0000
1.0000
0.9944
1.0000
1.0000
0.0000
1.0000
1.0000
0.0004
1.0000
1.0000
1.0000
0.8519
0.5095
1.0000
0.9944
1.0000
0.0020
1.0000
0.9944
0.9676
0.9991
1.0000
1.0000
0.0000
0.0000
0.0000
1.0000
0.0000
1.0000
0.0000
0.9993
0.6412
0.4591
1.0000
0.0000
1.0000
0.0000
0.4067
0.0000
1.0000
0.9996
1.0000
1.0000
0.9957
0.0001
0.0000
0.0000
1.0000
0.0000
1.0000
0.9993
0.0004
0.0000
1.0000
1.0000
0.7989
0.0000
0.0001
1.0000
0.0000
0.0021
0.0000
1.0000
1.0000
0.9999
0.5098
0.9999
0.0000
1.0000
0.0034
1.0000
0.0000
1.0000
1.0000
1.0000
0.9944
1.0000
1.0000
1.0000
0.0251
0.0000
0.0002
0.0036
1.0000
1.0000
0.2089
1.0000
0.9566
0.0206
0.9993
0.9996
0.0010
0.0000
1.0000
0.0000
0.9996
1.0000
0.0000
1.0000
0.9944
1.0000
0.3303
1.0000
1.0000
1.0000
0.0000
0.9944
0.0000
1.0000
1.0000
0.0000
1.0000
0.8642
1.0000
1.0000
0.0000
0.9993
0.0000
1.0000
0.9982
0.9996
1.0000
0.9998
0.0000
0.0243
0.7482
0.0000
1.0000
1.0000
1.0000
1.0000
0.9993
1.0000
1.0000
1.0000
0.0003
1.0000
0.0000
1.0000
0.2492
1.0000
1.0000
0.4591
1.0000
0.0000
1.0000
0.0000
0.0000
0.9993
0.9790
1.0000
0.9999
0.0000
0.0000
1.0000
0.4591
0.9998
0.9353
0.8265
1.0000
0.0000
1.0000
1.0000
0.9944
0.0000
0.0000
0.0000
1.0000
0.0212
0.9944
0.0000
0.9993
0.7989
1.0000
1.0000
1.0000
1.0000
0.7989
0.2568
0.9964
1.0000
1.0000
0.0270
0.0000
1.0000
0.0000
0.0000
0.0368
0.0314
0.0000
1.0000
0.0000
0.0540
1.0000
0.9999
0.9907
1.0000
1.0000
1.0000
0.0000
1.0000
0.0000
0.0000
1.0000
1.0000
0.0000
1.0000
0.0000
0.0000
1.0000
0.9944
1.0000
0.9044
1.0000
0.0002
0.9998
0.9993
1.0000
0.0000
1.0000
0.0000
0.9944
0.0041
0.0000
1.0000
0.0000
0.0000
1.0000
1.0000
1.0000
0.0003
1.0000
1.0000
0.0000
0.0000
1.0000
0.0000
1.0000
0.0000
1.0000
0.0000
0.0000
0.0041
0.9995
1.0000
0.0983
0.9993
0.0000
0.3900
0.7989
1.0000
1.0000
1.0000
1.0000
0.9996
0.0000
0.9993
1.0000
0.0000
0.9993
0.0000
1.0000
1.0000
1.0000
0.9975
1.0000
0.2611
0.0000
1.0000
0.2449
0.9993
1.0000
1.0000
1.0000
1.0000
0.9880
0.8377
0.0011
1.0000
1.0000
0.9993
1.0000
0.9988
1.0000
0.0000
0.9995
0.0000
1.0000
0.9993
1.0000
0.5295
1.0000
1.0000
1.0000
1.0000
1.0000
1.0000
1.0000
1.0000
1.0000
1.0000
0.0000
1.0000
0.0041
0.9759
0.9993
1.0000
0.0000
1.0000
1.0000
0.0000
0.0000
1.0000
0.9996
1.0000
1.0000
1.0000
1.0000
1.0000
1.0000
0.0000
0.9967
0.0000
0.0000
0.0000
0.0000
0.0000
1.0000
1.0000
0.9940
1.0000
1.0000
1.0000
0.0076
0.0000
0.0002
0.9944
0.0001
0.9981
0.0000
0.9996
0.0000
0.9990
0.1589
0.0001
0.0000
0.0000
1.0000
1.0000
1.0000
0.0000
0.0041
1.0000
0.9944
1.0000
1.0000
1.0000
0.0000
1.0000
0.9993
0.9996
1.0000
0.9972
0.0000
0.7366
1.0000
0.9988
0.6100
0.9996
0.9993
0.0000
1.0000
1.0000
0.0002
1.0000
0.7989
0.9736
1.0000
1.0000
0.1516
1.0000
0.0000
1.0000
1.0000
0.9986
0.9996
0.9067
1.0000
0.9944
0.0022
1.0000
0.9993
0.0000
0.8436
1.0000
0.9996
1.0000
1.0000
0.9953
1.0000
1.0000
0.9971
0.0000
1.0000
1.0000
1.0000
1.0000
0.2810
1.0000
0.9996
1.0000
0.0000
0.0041
0.9724
1.0000
0.0000
0.0000
0.0000
1.0000
0.3212
1.0000
0.9915
0.0000
0.0000
0.0001
0.9944
0.0000
1.0000
1.0000
0.4229
1.0000
0.9944
1.0000
1.0000
1.0000
0.9996
1.0000
1.0000
1.0000
0.0003
0.0000
1.0000
0.7989
1.0000
1.0000
1.0000
1.0000
1.0000
1.0000
1.0000
1.0000
1.0000
1.0000
0.9980
0.0095
0.9996
0.0000
0.0000
0.4192
0.8583
1.0000
0.0011
0.9975
0.9944
1.0000
0.0000
0.9993
0.1589
0.0000
0.6860
1.0000
0.0000
0.9999
0.0000
0.4349
1.0000
1.0000
0.9999
1.0000
0.0000
1.0000
0.4192
1.0000
0.0206
0.0000
0.0041
0.8248
0.9618
1.0000
1.0000
0.0000
1.0000
0.4893
1.0000
0.9880
0.9944
1.0000
0.5774
0.1589
1.0000
0.0000
0.0000
0.8742
1.0000
1.0000
0.9996
0.9998
0.0000
1.0000
0.9999
1.0000
0.0000
1.0000
0.5472
0.0000
0.7989
1.0000
1.0000
0.0000
1.0000
1.0000
1.0000
0.0658
1.0000
1.0000
0.0000
0.0111
1.0000
1.0000
1.0000
0.0000
1.0000
0.9998
1.0000
0.0001
0.0001
0.9999
0.9944
0.9999
0.0000
0.0000
0.0000
1.0000
0.0001
0.9838
1.0000
1.0000
1.0000
0.9980
0.0000
1.0000
0.9928
0.9999
0.0000
1.0000
0.0000
0.8825
0.0050
1.0000
0.0314
0.1475
0.0000
0.0010
0.0000
0.9999
0.0000
0.0995
0.9997
1.0000
1.0000
1.0000
1.0000
1.0000
0.0000
0.1589
0.0001
0.9996
1.0000
0.1589
1.0000
1.0000
1.0000
1.0000
1.0000
0.9841
0.9997
1.0000
0.1589
1.0000
1.0000
0.3163
0.9993
0.9999
0.9978
0.0000
0.0000
0.0006
0.1589
0.9944
1.0000
0.0002
0.0000
0.0000
1.0000
0.0700
0.9785
1.0000
0.0000
1.0000
1.0000
0.0000
0.1589
1.0000
0.9944
1.0000
0.9990
0.0000
0.9993
1.0000
1.0000
0.9993
1.0000
0.9980
0.9996
1.0000
0.0156
0.9981
0.2940
0.0000
0.0000
0.1589
0.0514
0.9979
1.0000
1.0000
1.0000
0.0168
1.0000
0.9125
0.9996
0.9944
0.0000
0.0002
1.0000
1.0000
0.0828
1.0000
0.9570
0.0000
0.0000
0.6978
0.9999
1.0000
1.0000
0.0434
1.0000
0.0987
0.0705
1.0000
0.0000
0.8554
0.0000
1.0000
0.0000
0.0208
0.0000
1.0000
0.9786
0.9968
1.0000
1.0000
0.0008
1.0000
1.0000
0.8519
0.9944
0.2568
0.0000
1.0000
1.0000
0.9911
1.0000
1.0000
0.9944
0.0084
0.9999
0.0000
0.0000
0.0001
0.0009
1.0000
0.7921
0.9996
0.9996
1.0000
0.0006
0.7135
1.0000
1.0000
0.0000
0.9635
0.0000
0.0000
0.9943
1.0000
0.0000
0.9787
1.0000
0.0000
1.0000
0.0005
1.0000
0.9944
0.0219
0.0000
1.0000
0.0253
1.0000
0.0000
0.6759
0.9944
0.0000
1.0000
0.1589
1.0000
0.0299
0.0002
0.4591
1.0000
0.9977
0.7135
0.0041
0.0000
0.0000
1.0000
0.0066
1.0000
0.0000
1.0000
0.9870
0.9998
0.0000
0.0022
1.0000
1.0000
0.0041
0.6247
0.0000
1.0000
0.0000
0.9812
0.0000
0.0000
0.0013
1.0000
0.0003
0.3023
1.0000
1.0000
1.0000
0.9944
1.0000
0.0025
0.2364
1.0000
1.0000
0.0000
0.0000
0.0025
1.0000
1.0000
0.0000
1.0000
1.0000
1.0000
0.0000
1.0000
0.6535
0.0000
0.0000
1.0000
0.0000
0.9977
0.0455
1.0000
0.0000
0.9977
0.0000
0.0000
0.0847
1.0000
1.0000
0.0000
1.0000
0.0000
0.4795
0.3432
0.9993
1.0000
0.0000
0.0000
0.0000
0.7989
0.0001
0.0000
1.0000
0.0000
0.9944
0.0000
0.6566
1.0000
0.9880
1.0000
1.0000
1.0000
0.0000
0.4591
0.0000
0.9997
0.0006
0.9320
0.0000
0.9993
0.2299
1.0000
1.0000
1.0000
0.9993
1.0000
0.0000
0.9992
0.9944
0.9262
0.9995
0.9999
1.0000
1.0000
1.0000
0.0000
1.0000
0.0000
1.0000
1.0000
1.0000
0.0724
0.0010
0.9993
1.0000
0.9841
0.0000
0.9992
0.9996
0.9944
0.0002
1.0000
0.9988
0.0000
1.0000
1.0000
0.1808
1.0000
0.9996
0.9996
0.0000
1.0000
1.0000
1.0000
1.0000
0.4690
0.0000
0.9997
0.9993
0.9999
1.0000
1.0000
0.0041
0.0000
0.0000
0.9995
1.0000
0.9944
0.0000
1.0000
0.0313
0.0003
0.9944
1.0000
1.0000
0.0000
0.0000
1.0000
1.0000
1.0000
1.0000
0.9907
1.0000
1.0000
0.9957
1.0000
1.0000
1.0000
0.9993
1.0000
0.0000
0.1278
1.0000
1.0000
0.9998
1.0000
0.0000
0.1378
0.9944
1.0000
0.0010
0.9999
0.9068
1.0000
1.0000
1.0000
0.0000
1.0000
0.0000
0.9968
1.0000
1.0000
0.0096
0.9996
1.0000
0.9976
1.0000
0.0000
0.0036
1.0000
0.0000
0.0012
0.0000
1.0000
1.0000
0.9996
1.0000
0.9997
1.0000
1.0000
1.0000
0.0000
0.0000
1.0000
1.0000
1.0000
1.0000
1.0000
0.9996
1.0000
1.0000
0.9996
0.9944
1.0000
0.0000
1.0000
0.9999
1.0000
1.0000
1.0000
0.0000
0.0000
1.0000
0.0698
0.2568
0.0000
1.0000
0.0000
0.0000
1.0000
1.0000
1.0000
1.0000
0.9980
0.0000
1.0000
0.0208
1.0000
1.0000
1.0000
0.9991
1.0000
0.0049
1.0000
1.0000
0.7989
0.0008
0.9993
0.1589
0.0000
0.0000
1.0000
1.0000
0.0000
0.0000
1.0000
1.0000
0.0000
0.9944
0.0015
0.8506
0.5472
1.0000
0.0000
0.0000
0.0002
0.0000
1.0000
0.9974
1.0000
0.4591
1.0000
0.0004
0.9999
1.0000
0.9953
1.0000
1.0000
0.0007
0.0001
0.8172
0.0000
0.9998
0.0000
1.0000
1.0000
1.0000
0.0000
1.0000
1.0000
1.0000
1.0000
0.9957
0.0000
1.0000
1.0000
0.1589
0.9993
1.0000
0.9922
0.9999
0.0021
0.9944
0.5095
1.0000
1.0000
1.0000
1.0000
0.0000
0.0000
1.0000
0.0001
0.4591
0.0000
1.0000
0.0066
1.0000
1.0000
0.0000
0.9999
1.0000
1.0000
0.0000
1.0000
1.0000
0.0000
0.8031
0.0000
0.0000
1.0000
0.0227
1.0000
1.0000
1.0000
1.0000
0.0000
1.0000
0.9315
1.0000
0.9967
0.9998
0.0001
0.0000
0.9570
1.0000
1.0000
1.0000
1.0000
0.9993
1.0000
1.0000
0.8090
0.0000
1.0000
0.0000
0.9999
1.0000
0.0000
0.0000
0.0000
0.0001
0.9944
1.0000
0.9939
1.0000
1.0000
1.0000
0.0000
0.0000
0.4591
1.0000
0.0000
0.9997
1.0000
0.0000
0.0000
1.0000
0.9999
0.9997
0.9943
1.0000
1.0000
0.9944
0.0000
0.0000
0.9992
0.9981
1.0000
0.0000
1.0000
0.9648
0.9996
0.0000
1.0000
0.9872
1.0000
0.9993
0.4893
1.0000
1.0000
0.4893
1.0000
0.0000
0.9999
0.0000
1.0000
0.0153
0.0000
0.1589
0.0000
0.0000
1.0000
1.0000
1.0000
0.0000
1.0000
0.1305
0.0070
1.0000
1.0000
0.9997
1.0000
1.0000
1.0000
0.0000
0.0033
1.0000
1.0000
1.0000
0.0000
0.0000
1.0000
0.0557
1.0000
1.0000
0.0000
0.0000
1.0000
0.9944
1.0000
1.0000
0.9997
0.0000
0.9993
0.0000
0.0000
0.0000
1.0000
0.0000
0.2520
0.0514
0.0247
0.0000
0.0000
1.0000
1.0000
1.0000
1.0000
0.9944
1.0000
0.4591
1.0000
1.0000
0.0000
1.0000
0.9868
1.0000
1.0000
1.0000
0.0092
0.0025
0.9993
0.9779
0.0000
1.0000
0.0000
0.0006
0.0261
0.9993
1.0000
1.0000
1.0000
0.1305
1.0000
0.0000
0.0000
0.9949
0.0000
1.0000
1.0000
0.1589
1.0000
0.0000
0.0000
0.2787
1.0000
0.0000
0.0000
1.0000
0.0000
0.0000
0.9999
0.1433
1.0000
1.0000
0.9996
1.0000
1.0000
1.0000
0.1762
0.0000
1.0000
0.9993
1.0000
1.0000
0.0436
0.9258
1.0000
1.0000
0.9999
1.0000
0.0000
0.0000
1.0000
0.9943
1.0000
0.0000
0.4872
0.9984
1.0000
0.0000
1.0000
1.0000
0.9998
0.9944
1.0000
1.0000
0.0000
0.0000
0.9993
0.0000
1.0000
1.0000
0.0000
0.0000
1.0000
1.0000
1.0000
0.0000
0.0001
1.0000
1.0000
0.0183
0.0000
0.9999
0.0000
0.7482
0.6502
1.0000
1.0000
0.0199
0.7192
0.0000
0.9979
0.9993
0.1835
0.9996
0.0000
1.0000
1.0000
1.0000
0.0000
1.0000
1.0000
0.9092
1.0000
0.9997
1.0000
1.0000
0.0000
1.0000
0.0066
1.0000
0.0957
0.9968
0.0000
1.0000
1.0000
0.0000
1.0000
1.0000
1.0000
0.9999
0.9786
0.0243
0.0000
0.0000
0.9999
0.9993
0.0000
1.0000
0.0000
0.9859
0.4457
0.0118
1.0000
0.9928
0.0000
0.0000
0.0000
1.0000
1.0000
1.0000
0.0008
1.0000
0.9971
0.0000
0.8014
0.0000
0.9975
0.0000
0.9944
0.9999
0.9999
0.0000
1.0000
0.9983
0.9944
0.3378
0.7890
1.0000
0.9993
0.0154
1.0000
0.0000
1.0000
1.0000
0.0000
1.0000
0.0000
0.0000
1.0000
0.0000
1.0000
0.0000
0.0000
0.9927
0.9527
1.0000
1.0000
1.0000
0.9996
1.0000
0.1589
0.9859
1.0000
0.4591
1.0000
0.0000
1.0000
0.0000
1.0000
1.0000
0.9944
1.0000
0.8150
0.2105
0.0623
0.9724
0.9988
0.0000
0.0000
1.0000
0.9135
0.5240
1.0000
0.0000
0.0194
0.0000
0.0003
1.0000
0.9993
1.0000
0.1589
0.9979
1.0000
0.0002
1.0000
1.0000
1.0000
0.0025
0.0000
0.9831
1.0000
0.0000
0.0000
0.9943
1.0000
0.0001
0.9779
0.0000
0.9988
0.9996
0.8292
1.0000
0.0776
0.9993
1.0000
1.0000
0.0000
0.1589
0.0000
0.0000
0.9530
1.0000
0.9995
0.9985
0.0000
0.0002
0.0000
1.0000
1.0000
0.9999
1.0000
0.0148
0.9996
0.0000
0.7135
1.0000
0.9982
0.0000
0.9999
0.1996
1.0000
1.0000
0.0427
0.0001
1.0000
0.0000
1.0000
1.0000
0.0000
1.0000
0.0001
1.0000
1.0000
0.0000
0.9944
1.0000
0.9999
1.0000
0.0171
1.0000
0.2669
1.0000
0.0000
1.0000
0.9944
1.0000
0.9993
0.9992
1.0000
0.0001
0.1726
0.0000
0.9993
0.0948
0.9845
0.9993
0.0000
1.0000
0.0486
0.0000
0.9993
1.0000
1.0000
1.0000
0.0019
0.1589
1.0000
0.9944
0.0009
1.0000
0.8519
1.0000
0.0000
0.9892
0.5791
0.0000
0.0000
0.0000
1.0000
0.9890
0.0000
1.0000
1.0000
0.0000
1.0000
1.0000
0.9944
1.0000
1.0000
0.9996
1.0000
0.0000
1.0000
1.0000
0.9570
0.0000
0.0000
0.0000
0.0000
0.9999
1.0000
0.0000
1.0000
1.0000
0.9996
1.0000
0.0000
0.0002
0.0041
1.0000
1.0000
1.0000
0.0000
0.0003
0.0000
0.0000
1.0000
1.0000
1.0000
1.0000
0.7482
0.0069
0.0256
0.0103
0.0000
1.0000
1.0000
1.0000
0.4591
0.0000
0.7989
1.0000
0.2105
0.9997
0.3163
0.0000
1.0000
0.0000
0.0000
0.0000
0.0000
0.0000
0.9944
0.0000
0.9680
0.0000
1.0000
0.0008
0.0000
0.0225
0.9476
0.0000
1.0000
0.9944
0.9999
0.0000
1.0000
0.0000
1.0000
0.9993
0.0038
1.0000
0.9944
0.0000
1.0000
0.0000
1.0000
0.0000
0.0000
1.0000
0.4570
0.9989
1.0000
0.9558
1.0000
1.0000
1.0000
0.9993
0.0000
0.0000
1.0000
0.9999
1.0000
0.0001
1.0000
1.0000
0.3170
1.0000
0.3238
1.0000
0.0000
0.0000
0.0000
1.0000
1.0000
0.1355
0.9999
0.0000
0.0000
0.0000
0.9969
0.0000
0.9859
0.9618
0.9995
0.9996
1.0000
1.0000
0.0000
1.0000
1.0000
0.0000
1.0000
0.0000
0.9944
1.0000
0.9968
0.0000
0.9908
0.9996
0.0000
0.1443
0.9989
1.0000
0.9999
0.0000
0.0000
0.9842
1.0000
0.9999
1.0000
0.0000
0.0000
0.9944
1.0000
0.3214
0.9945
1.0000
0.0000
0.0000
0.0000
1.0000
0.0000
0.9999
1.0000
1.0000
0.9949
1.0000
1.0000
1.0000
0.3254
0.9999
1.0000
0.2922
0.9724
1.0000
1.0000
0.9996
1.0000
1.0000
1.0000
0.9703
0.9787
0.9993
0.1589
0.1762
0.0000
1.0000
1.0000
0.9944
0.9993
1.0000
0.9979
0.0000
1.0000
1.0000
1.0000
1.0000
0.9529
1.0000
0.0000
0.0000
1.0000
1.0000
1.0000
0.9993
0.9996
1.0000
1.0000
0.9993
1.0000
1.0000
1.0000
0.0000
0.0000
1.0000
0.0000
0.9993
0.9999
0.1907
0.0000
0.9999
1.0000
1.0000
0.0000
0.0000
0.0000
0.0000
0.0343
0.0006
0.0000
1.0000
1.0000
0.0036
0.9999
0.0000
0.0000
0.0000
0.9996
1.0000
1.0000
0.9975
0.9944
0.0000
0.9993
0.9943
0.0000
1.0000
0.0000
0.2185
0.0001
0.0000
0.1305
0.9996
0.0000
0.0310
0.0000
1.0000
1.0000
0.0000
0.9998
0.0025
0.0000
1.0000
0.0018
0.9987
0.0041
0.0000
0.0000
0.0427
0.9993
0.0031
1.0000
1.0000
0.0000
0.7989
0.0041
0.9988
0.9988
0.9996
0.9993
0.0000
1.0000
1.0000
0.8325
0.0000
1.0000
1.0000
0.0000
0.9996
1.0000
1.0000
1.0000
0.0041
1.0000
0.0000
1.0000
0.0000
0.2084
0.0000
1.0000
0.0000
0.9998
0.8230
1.0000
1.0000
1.0000
0.9999
0.9999
0.0000
0.3835
0.0000
0.0000
1.0000
0.0001
0.0061
1.0000
0.0158
0.0000
0.0386
0.6558
0.0021
1.0000
1.0000
1.0000
0.0273
